82
261
331
405
453
549
697
816
922
1150
1390
1628
1850
2071
2319
2407
2425
2429
2430
2431
2432
2433
2434
2435
2436
2437
2438
2439
2440
2441
2442
2443
2444
2445
2446
2447
2448
2449
2450
2451
2452
2453
2454
2455
2457
2458
2459
2460
2461
2462
2463
2464
2465
2466
2468
2470
2471
2472
2473
2474
2475
2476
2477
2478
2479
2480
2481
2482
2483
2484
2485
2486
2489
2493
2498
2507
2520
2524
2529
2532
2537
2548
2569
2608
2651
2675
2699
2744
2793
2813
2820
2881
2916
3001
3085
3188
3271
3372
3492
3530
3632
3824
3868
3980
4043
4173
4267
4360
4501
4584
4594
4610
4627
4635
4643
4647
4652
4657
4661
4665
4669
4674
4679
4684
4688
4695
4729
4803
4838
4842
4844
4847
4850
4855
4858
4860
4865
4869
4876
4878
4881
4889
4896
4904
4909
4911
4917
4926
4942
4955
4963
4969
4973
4975
4980
4985
4990
5002
5015
5031
5037
5039
5041
5045
5048
5054
5063
5067
5069
5072
5075
5081
5084
5085
5089
5092
5103
5129
5182
5252
5349
5376
5410
5469
5517
5518
5520
5521
5522
5523
5524
5525
5526
5530
5531
5532
5555
5556
5557
5558
5559
5560
5561
5562
5563
5564
5565
5566
5567
5568
5569
5570
5571
5572
5573
5574
5575
5576
5577
5578
5579
5580
5581
5582
5583
5584
5586
5587
5588
5589
5590
5591
5592
5593
5594
5595
5596
5597
5598
5599
5600
5601
5602
5603
5604
5605
5606
5607
5608
5609
5610
5611
5612
5613
5615
5616
5617
5618
5619
5620
5621
5622
5623
5624
5625
5626
5627
5628
5629
5631
5632
5633
5634
5635
5636
5637
5638
5639
5640
5641
5642
5643
5644
5646
5647
5648
5651
5653
5654
5655
5656
5657
5658
5659
5660
5661
5663
5666
5667
5668
5669
5670
5671
5672
5673
5674
5675
5676
5677
5678
5679
5680
5681
5682
5683
5684
5685
5686
5687
5688
5689
5690
5691
5692
5693
5694
5695
5696
5697
5698
5699
5702
5703
5704
5705
5706
5707
5708
5709
5710
5711
5712
5713
5714
5715
5716
5717
5718
5719
5720
5721
5722
5723
5724
5725
5726
5727
5728
5729
5730
5731
5732
5734
5735
5736
5737
5738
5741
5742
5754
5755
5756
5757
5758
5760
5761
5762
5763
5764
5765
5766
5767
5768
5769
5770
5773
5774
5775
5778
5779
5782
5783
5784
5785
5786
5787
5795
5796
5797
5798
5799
5802
5803
5804
5805
5806
5807
5808
5809
5810
5811
5812
5813
5814
5815
5816
5817
5818
5819
5820
5821
5822
5825
5826
5827
5828
5829
5830
5831
5832
5834
5835
5836
5837
5838
5839
5840
5841
5842
5843
5844
5845
5846
5849
5851
5852
5853
5854
5855
5856
5857
5858
5859
5860
5861
5862
5863
5864
5865
5866
5867
5868
5870
5871
5872
5873
5874
5875
5876
5878
5879
5883
5884
5892
5893
5894
5895
5900
5901
5906
5909
5910
5911
5912
5913
5914
5915
5916
5917
5918
5919
5920
5921
5922
5923
5924
5925
5926
5927
5928
5929
5930
5931
5932
5933
5935
5936
5937
5938
5939
5940
5941
5943
5944
5945
5946
5948
5951
5954
5956
5957
5959
5960
5961
5962
5963
5964
5965
5966
5967
5969
5970
5971
5972
5973
5975
5979
5985
5988
5989
5990
5992
5994
5996
5997
5998
5999
6000
6001
6002
6003
6004
6005
6007
6008
6009
6010
6013
6016
6017
6018
6019
6020
6021
6023
6025
6028
6029
6030
6031
6032
6033
6034
6035
6036
6037
6038
6039
6041
6042
6044
6045
6046
6047
6048
6049
6051
6054
6058
6060
6062
6065
6067
6070
6072
6074
6075
6076
6077
6079
6081
6084
6088
6090
6091
6092
6094
6095
6096
