19
85
170
261
297
320
346
405
453
530
650
762
816
861
961
1018
1102
1208
1302
1431
1534
1668
1795
1901
1976
2014
2071
2201
2270
2335
2374
2407
2417
2419
2424
2429
2430
2431
2432
2433
2434
2435
2436
2437
2438
2439
2440
2441
2442
2443
2444
2445
2446
2447
2448
2449
2450
2451
2452
2453
2454
2455
2457
2458
2459
2460
2461
2462
2463
2464
2465
2466
2467
2468
2469
2470
2471
2472
2473
2474
2475
2476
2477
2478
2479
2480
2481
2482
2483
2484
2485
2486
2487
2488
2489
2490
2491
2492
2493
2496
2497
2501
2505
2509
2513
2520
2524
2528
2530
2531
2533
2536
2542
2548
2561
2577
2592
2597
2611
2628
2643
2661
2672
2683
2692
2706
2712
2715
2719
2725
2735
2744
2758
2772
2786
2798
2806
2816
2825
2842
2853
2866
2891
2903
2940
2984
3020
3047
3088
3156
3188
3223
3254
3286
3324
3345
3359
3363
3379
3401
3420
3439
3478
3503
3529
3544
3564
3628
3674
3721
3742
3770
3793
3824
3842
3886
3895
3916
3925
3946
3975
3989
4015
4040
4060
4096
4173
4246
4282
4315
4364
4414
4484
4512
4534
4546
4569
4576
4579
4580
4582
4584
4586
4588
4591
4598
4605
4611
4616
4624
4629
4633
4638
4642
4645
4648
4651
4654
4657
4659
4661
4663
4665
4667
4668
4670
4671
4672
4674
4676
4677
4679
4681
4683
4684
4685
4687
4689
4691
4693
4697
4703
4709
4717
4732
4746
4763
4770
4774
4798
4807
4834
4836
4839
4841
4843
4844
4845
4846
4847
4848
4849
4850
4851
4852
4853
4855
4857
4858
4859
4860
4861
4862
4863
4865
4870
4874
4876
4877
4878
4879
4881
4882
4884
4885
4887
4889
4891
4892
4893
4896
4898
4900
4903
4906
4909
4911
4912
4913
4916
4919
4920
4921
4923
4925
4929
4932
4937
4945
4953
4958
4962
4964
4969
4971
4972
4973
4975
4977
4982
4985
4989
4993
5000
5005
5011
5015
5021
5026
5030
5034
5036
5038
5039
5041
5043
5044
5045
5048
5054
5061
5062
5065
5067
5068
5069
5070
5071
5072
5074
5075
5076
5077
5079
5081
5083
5084
5085
5086
5087
5089
5090
5091
5092
5095
5102
5106
5112
5120
5131
5143
5156
5172
5183
5206
5224
5246
5287
5325
5349
5375
5384
5404
5421
5435
5448
5469
5501
5508
5512
5514
5516
5517
5518
5519
5520
5521
5522
5523
5524
5525
5526
5527
5528
5530
5531
5532
5533
5554
5555
5556
5557
5558
5559
5560
5561
5562
5563
5564
5565
5566
5567
5568
5569
5570
5571
5572
5573
5574
5575
5576
5577
5578
5579
5580
5581
5582
5583
5584
5585
5586
5587
5588
5589
5590
5591
5592
5593
5594
5595
5596
5597
5598
5599
5600
5601
5602
5603
5604
5605
5606
5607
5608
5609
5610
5611
5612
5613
5614
5615
5616
5617
5618
5619
5620
5621
5622
5623
5624
5625
5626
5627
5628
5629
5630
5631
5632
5633
5634
5635
5636
5637
5638
5639
5640
5641
5642
5643
5644
5645
5646
5647
5648
5649
5650
5651
5652
5653
5654
5655
5656
5657
5658
5659
5660
5661
5662
5663
5664
5665
5666
5667
5668
5669
5670
5671
5672
5673
5674
5675
5676
5677
5678
5679
5680
5681
5682
5683
5684
5685
5686
5687
5688
5689
5690
5691
5692
5693
5694
5695
5696
5697
5698
5701
5702
5703
5704
5705
5706
5707
5708
5709
5710
5711
5712
5713
5714
5715
5716
5717
5718
5719
5720
5721
5722
5723
5724
5725
5726
5727
5728
5729
5730
5731
5732
5733
5734
5735
5736
5737
5738
5739
5741
5742
5743
5753
5754
5755
5756
5757
5758
5759
5760
5761
5762
5763
5764
5765
5766
5767
5768
5769
5770
5773
5774
5775
5778
5779
5782
5783
5784
5785
5786
5787
5788
5795
5796
5797
5798
5799
5800
5801
5802
5803
5804
5805
5806
5807
5808
5809
5810
5811
5812
5813
5814
5815
5816
5817
5818
5819
5820
5821
5822
5823
5824
5826
5827
5828
5829
5830
5831
5832
5835
5836
5837
5838
5839
5840
5841
5842
5843
5844
5845
5846
5847
5848
5849
5850
5851
5852
5853
5854
5855
5856
5857
5858
5859
5860
5861
5862
5863
5864
5865
5866
5867
5868
5869
5870
5871
5872
5873
5874
5875
5876
5877
5878
5879
5882
5883
5884
5885
5889
5890
5891
5892
5893
5894
5895
5896
5897
5898
5899
5900
5901
5902
5903
5904
5907
5908
5909
5910
5911
5912
5913
5914
5915
5916
5917
5918
5919
5920
5921
5922
5923
5924
5925
5926
5927
5928
5929
5930
5931
5932
5933
5934
5935
5936
5937
5938
5939
5940
5941
5942
5943
5944
5945
5946
5947
5948
5949
5950
5951
5952
5953
5954
5955
5956
5957
5958
5959
5960
5961
5962
5963
5964
5965
5966
5967
5968
5969
5970
5971
5972
5973
5974
5975
5976
5977
5978
5979
5980
5981
5982
5983
5984
5986
5987
5988
5989
5990
5991
5992
5993
5994
5995
5996
5997
5998
5999
6000
6001
6002
6003
6004
6005
6006
6007
6008
6009
6010
6011
6012
6014
6015
6016
6017
6018
6019
6020
6021
6022
6023
6024
6025
6026
6027
6028
6029
6030
6031
6032
6033
6034
6035
6036
6037
6038
6039
6040
6041
6042
6043
6044
6045
6046
6047
6048
6049
6050
6051
6052
6053
6054
6055
6056
6058
6059
6060
6061
6062
6063
6064
6065
6066
6067
6068
6069
6070
6071
6072
6073
6074
6075
6076
6077
6078
6079
6080
6081
6082
6083
6084
6085
6086
6087
6088
6089
6090
6091
6092
6093
6094
6095
6096
