4
6
7
22
24
36
62
64
65
66
68
227
232
237
257
258
259
267
276
282
283
286
287
290
295
296
298
299
300
305
306
307
310
311
313
321
322
324
325
326
345
352
353
359
361
362
373
374
375
377
378
379
380
381
382
383
384
388
389
404
405
406
407
408
409
410
411
412
413
415
416
419
420
480
507
542
550
551
557
564
698
1065
1074
1080
1083
1084
1085
1086
1087
1088
1089
1090
1105
1113
1114
1116
1119
1121
1123
1124
1125
1126
1127
1131
1132
1133
1137
1138
1144
1148
1151
1165
1168
1174
1175
1176
1177
1178
1181
1186
1187
1188
1189
1190
1191
1193
1194
1195
1205
1208
1209
1257
1258
1259
1260
1262
1280
1286
1292
1304
1343
1344
1348
1368
1395
1396
1400
1403
1409
1415
1424
1433
1434
1440
1441
1442
1443
1444
1445
1446
1447
1448
1449
1450
1452
1457
1469
1472
1475
1478
1481
1484
1485
1490
1509
1511
1512
1513
1514
1515
1517
1518
1519
1520
1522
1523
1524
1525
1526
1527
1528
1529
1536
1537
1539
1542
1543
1544
1547
1560
1577
1583
1614
1625
1632
1643
1645
1646
1656
1657
1661
1673
1684
1685
1692
1693
1694
1695
1696
1697
1698
1702
1703
1707
1708
1709
1710
1711
1712
1716
1717
1718
1719
1720
1721
1722
1746
1747
1748
1749
1750
1751
1774
1777
1780
1786
1813
1815
1816
1817
1820
1821
1822
1823
1824
1825
1826
1827
1828
1829
1830
1831
1832
1833
1835
1836
1837
1839
1840
1841
1842
1843
1844
1845
1852
1853
1854
1855
1857
1858
1859
1860
1861
1862
1863
1867
1868
1869
1870
1872
1873
1875
1877
1878
1879
1892
1893
1895
1896
1898
1900
1901
1903
1905
1924
1954
1957
1958
1959
1963
1964
1965
1966
1968
1983
1984
1985
1986
1987
1991
1995
1997
1998
1999
2000
2015
2016
2018
2022
2027
2033
2039
2052
2053
2055
2056
2059
2060
2065
2069
2070
2073
2074
2077
2080
2082
2093
2094
2095
2096
2097
2098
2099
2104
2118
2120
2130
2131
2132
2134
2135
2136
2137
2138
2139
2140
2142
2143
2147
2148
2149
2150
2151
2152
2155
2156
2158
2159
2160
2161
2163
2164
2175
2176
2179
2182
2189
2231
2232
2245
2248
2251
2252
2253
2254
2255
2256
2257
2260
2271
2272
2273
2283
2284
2363
2364
2365
2366
2367
2368
2369
2370
2371
2372
2373
2377
2380
2536
2549
2624
2628
2630
2662
2669
2671
2672
2673
2675
2676
2699
