8
20
41
69
78
89
106
128
141
176
200
219
247
259
266
277
309
352
363
369
383
391
399
410
426
437
446
465
478
485
491
501
509
516
519
522
526
529
534
537
544
547
549
550
554
559
562
567
568
570
575
579
581
583
584
586
589
594
597
600
604
609
615
617
624
627
631
635
642
645
648
653
657
661
663
666
669
674
677
682
686
690
692
695
697
700
705
707
708
712
714
717
720
723
725
728
732
737
739
742
746
748
751
756
762
764
768
772
774
776
779
783
785
789
791
793
795
797
803
806
810
817
821
823
825
827
830
833
835
840
843
848
850
853
857
865
870
874
877
881
887
892
895
899
904
908
914
922
928
934
943
954
970
984
997
1005
1012
1022
1035
1042
1051
1071
1099
1128
1148
1175
1197
1218
1248
1277
1290
1296
1300
1304
1307
1311
1315
1320
1324
1335
1351
1363
1381
1392
1397
1401
1406
1413
1417
1419
1422
1424
1425
1427
1431
1436
1438
1439
1446
1449
1451
1452
1455
1458
1465
1468
1471
1474
1477
1479
1487
1489
1492
1496
1500
1503
1512
1515
1520
1525
1527
1530
1535
1539
1544
1547
1551
1557
1563
1566
1568
1572
1577
1582
1584
1586
1590
1600
1607
1611
1618
1626
1630
1634
1640
1644
1647
1651
1654
1659
1662
1669
1675
1679
1684
1687
1690
1693
1697
1701
1705
1708
1711
1715
1722
1725
1731
1737
1740
1744
1749
1756
1761
1765
1769
1775
1780
1784
1791
1798
1808
1816
1821
1828
1839
1843
1848
1851
1854
1857
1860
1864
1867
1870
1873
1875
1878
1881
1885
1890
1893
1896
1899
1903
1910
1917
1927
1934
1948
1963
1977
1995
2006
2016
2021
2027
2033
2039
2043
2046
2051
2055
2061
2067
2071
2076
2081
2087
2094
2099
2104
2109
2113
2116
2118
2123
2127
2130
2134
2138
2141
2144
2148
2152
2158
2168
2185
2202
2211
2223
2237
2250
2261
2273
2288
2297
2304
2309
2314
2319
2324
2329
2335
2341
2347
2355
2361
2368
2373
2378
2384
2390
2395
2399
2401
2402
2403
2404
2405
2406
2407
2408
2409
2410
2411
2412
2413
2415
2419
2424
2429
2435
2441
2444
2450
2455
2462
2478
2488
2500
2513
2526
2546
2578
2589
2603
2616
2658
2687
2712
2726
2739
2751
2766
2775
2784
2795
2806
2816
2825
2830
2835
2841
2846
2850
2856
2861
2866
2867
2872
2873
2879
2885
2888
2892
2896
2899
2907
2916
2919
2921
2923
2926
2928
2934
2939
2942
2945
2948
2951
2954
2957
2961
2963
2966
2968
2974
2989
2999
3010
3023
3047
3070
3093
3109
3113
3114
3115
3117
3120
3123
3126
3127
3130
3133
3148
3159
3183
