8
17
41
78
89
106
128
141
176
215
247
260
273
309
352
366
389
406
439
478
486
498
517
522
526
532
544
548
550
555
559
561
565
568
574
583
584
590
600
608
615
621
637
651
657
661
664
668
674
678
686
692
696
700
705
708
712
714
720
725
728
735
743
745
751
756
762
764
767
769
772
775
780
788
794
801
806
810
816
820
825
827
830
833
842
848
853
860
868
874
879
889
900
907
912
919
931
948
979
997
1017
1037
1051
1104
1132
1183
1222
1257
1294
1300
1306
1310
1318
1332
1373
1399
1406
1413
1419
1422
1432
1439
1446
1449
1451
1457
1465
1468
1471
1475
1482
1493
1498
1503
1518
1525
1531
1539
1545
1555
1564
1574
1583
1586
1590
1600
1607
1614
1621
1627
1633
1640
1644
1647
1651
1654
1659
1662
1670
1678
1684
1690
1695
1699
1702
1707
1713
1722
1729
1742
1748
1756
1761
1768
1775
1783
1793
1802
1813
1824
1830
1840
1844
1849
1853
1856
1860
1865
1869
1872
1876
1881
1889
1895
1899
1907
1917
1928
1949
1973
2001
2018
2028
2036
2045
2051
2057
2063
2069
2075
2083
2091
2097
2102
2107
2111
2116
2121
2126
2130
2136
2140
2144
2149
2157
2169
2190
2208
2223
2250
2272
2288
2301
2308
2315
2320
2326
2333
2339
2347
2353
2360
2368
2376
2383
2391
2398
2400
2402
2403
2405
2406
2407
2408
2409
2410
2411
2414
2416
2421
2425
2430
2435
2443
2451
2460
2472
2501
2542
2577
2589
2620
2658
2687
2712
2726
2744
2767
2782
2800
2817
2828
2835
2842
2855
2860
2870
2872
2879
2885
2892
2899
2902
2916
2919
2923
2925
2926
2932
2945
2951
2954
2958
2961
2964
2970
2974
2989
2998
3017
3080
3114
3115
3118
3121
3124
3130
3164
