0
10
20
30
35
40
45
50
55
60
65
70
75
85
95
105
110
120
130
140
145
150
155
160
165
170
175
180
185
190
195
200
205
210
215
225
230
235
240
245
250
260
265
275
280
285
290
295
300
305
315
325
330
340
345
350
355
360
365
370
380
385
390
395
400
410
415
420
430
440
445
450
455
460
465
470
475
485
490
500
510
515
520
525
530
535
540
545
550
555
560
565
570
575
585
600
615
620
625
630
635
645
655
660
665
670
675
680
685
690
695
700
705
710
715
720
725
730
735
740
745
750
755
760
765
770
775
780
785
790
800
815
840
855
885
900
910
915
920
930
945
965
980
985
995
1010
1030
1045
1060
1075
1085
1090
1095
1100
1105
1125
1140
1145
1150
1175
1185
1190
1195
1205
1215
1220
1230
1235
1240
1245
1250
1255
1260
1265
1270
1275
1280
1290
1295
1300
1305
1310
1315
1320
1325
1335
1345
1350
1355
1360
1365
1370
1375
1380
1385
1390
1395
1400
1405
1415
1420
1425
1430
1440
1445
1450
1455
1460
1470
1480
1490
1495
1505
1510
1515
1520
1525
1535
1540
1550
1565
1570
1575
1580
1585
1590
1595
1600
1605
1610
1615
1620
1630
1635
1640
1645
1655
1665
1670
1680
1685
1690
1695
1700
1705
1710
1715
1720
1725
1730
1735
1740
1745
1755
1760
1765
1770
1775
1780
1785
1790
1795
1800
1805
1810
1815
1820
1835
1850
1865
1875
1880
1895
1905
1915
1925
1930
1935
1940
1945
1950
1955
1960
1970
1985
1995
2000
2005
2010
2015
2020
2025
2035
2040
2045
2050
2055
2060
2065
2080
2090
2095
2100
2105
2115
2120
2125
2130
2140
2145
2150
2155
2160
2165
2170
2175
2180
2185
2190
2195
2200
2210
2215
2220
2225
2230
2235
2245
2255
2260
2265
2270
2275
2280
2285
2290
2295
2300
2305
2310
2315
2320
2325
2330
2335
2340
2345
2350
2355
2360
2365
2370
2375
2380
2385
2390
2395
2400
2405
2410
2415
2420
2425
2430
2435
2440
2445
2450
2455
2460
2465
2470
2475
2480
2485
2490
2495
2500
2505
2510
2515
2520
2525
2530
2535
2540
2545
2555
2570
2580
2585
2590
2595
2605
2610
2625
2645
2665
2680
2695
2705
2715
2720
2725
2730
2735
2745
2750
2755
2760
2765
2770
2775
2780
2790
2795
2800
2805
2810
2815
2825
2840
2850
2855
2860
2870
2875
2880
2885
2890
2895
2900
2905
2910
2915
2920
2925
2930
2935
2940
2945
2950
2955
2960
2975
2980
2985
2990
3000
3005
3015
3020
3025
3030
3040
3045
3050
3055
3060
