8
24
36
44
54
72
90
100
110
116
126
138
148
160
174
186
196
212
228
244
262
290
308
326
344
350
356
366
378
410
430
452
462
468
470
476
490
506
520
536
552
566
584
618
642
656
666
670
672
674
676
678
680
682
684
686
688
690
692
694
702
704
706
708
710
712
714
716
720
724
726
728
730
732
734
736
740
746
748
752
756
760
764
766
768
770
772
774
776
778
784
792
800
820
864
914
934
972
1012
1034
1112
1150
1172
1186
1208
1220
1234
1246
1256
1264
1274
1286
1298
1308
1316
1332
1362
1374
1396
1428
1452
1478
1506
1520
1532
1550
1572
1596
1608
1618
1640
1666
1688
1706
1718
1740
1758
1790
1800
1808
1818
1830
1848
1872
1908
1928
1946
1958
1972
1984
1994
2004
2014
2030
2054
2084
2108
2132
2154
2168
2178
2190
2208
2228
2238
2258
2270
2278
2288
2294
2302
2308
2310
2314
2318
2320
2322
2328
2330
2336
2344
2352
2356
2360
2364
2366
2368
2370
2372
2374
2376
2378
2380
2382
2384
2386
2388
2390
2394
2400
2404
2408
2410
2414
2416
2418
2420
2422
2424
2428
2430
2434
2436
2440
2444
2448
2450
2452
2454
2460
2464
2470
2476
2484
2490
2492
2496
2498
2500
2502
2506
2514
2518
2522
2524
2526
2528
2530
2532
2534
2536
2538
2540
2542
2544
2546
2548
2550
2554
2560
2568
2578
2586
2590
2592
2594
2596
2598
2600
2604
2608
2614
2626
2654
2666
2674
2684
2696
2704
2712
2720
2728
2732
2736
2742
2754
2768
2778
2794
2806
2816
2830
2846
2860
2870
2878
2894
2908
2914
2920
2926
2934
2948
2954
2958
2964
2968
2976
2982
2992
3012
3020
3030
3046
3056
3062
