7
18
28
34
41
49
57
68
82
94
107
118
127
138
149
161
174
189
212
229
238
245
259
290
308
336
346
355
367
379
398
413
429
441
457
462
467
472
477
490
506
518
547
562
580
598
620
642
661
669
672
673
674
675
676
677
678
679
680
681
683
684
685
687
689
690
697
700
704
706
708
711
714
716
719
723
725
728
731
733
736
738
741
745
749
754
758
762
763
764
765
766
767
769
770
771
772
773
774
775
780
786
796
816
852
879
918
934
1011
1033
1127
1152
1186
1208
1224
1238
1248
1257
1275
1285
1296
1306
1316
1332
1355
1381
1428
1457
1478
1496
1516
1526
1543
1571
1595
1606
1616
1629
1663
1692
1706
1718
1740
1758
1784
1797
1805
1819
1846
1872
1908
1926
1945
1958
1972
1985
1995
2007
2014
2029
2047
2058
2073
2109
2131
2155
2170
2180
2189
2199
2213
2233
2261
2270
2277
2287
2295
2301
2308
2310
2314
2318
2321
2325
2330
2335
2344
2353
2359
2362
2365
2368
2370
2373
2376
2379
2380
2381
2382
2384
2386
2390
2394
2399
2404
2410
2414
2416
2418
2420
2423
2428
2430
2433
2437
2443
2447
2450
2454
2457
2462
2469
2474
2479
2486
2490
2494
2498
2502
2506
2511
2516
2521
2524
2526
2528
2531
2533
2535
2538
2541
2544
2546
2548
2550
2555
2562
2570
2578
2584
2588
2592
2595
2597
2599
2604
2609
2616
2632
2654
2666
2679
2694
2704
2710
2717
2723
2729
2734
2739
2745
2754
2763
2768
2772
2780
2792
2805
2815
2830
2843
2860
2872
2895
2907
2916
2927
2932
2938
2944
2950
2954
2959
2964
2970
2976
2982
2989
2996
3012
3020
3030
3045
3055
3060
3063
