0
10
15
20
25
30
35
40
45
50
55
60
65
75
80
85
90
95
100
105
110
115
120
125
130
135
140
145
150
155
160
165
170
175
180
185
190
200
210
220
225
230
235
240
245
250
255
270
280
285
290
300
305
310
325
340
345
350
355
360
365
370
375
385
390
395
405
415
425
435
445
450
455
460
465
470
475
480
485
495
500
510
515
520
525
530
535
540
545
550
555
570
575
585
590
600
610
625
635
645
655
665
670
675
680
685
690
695
700
705
710
715
720
725
730
735
740
745
750
755
760
765
770
775
780
785
790
795
800
815
830
850
870
885
895
910
920
940
955
970
980
995
1015
1035
1045
1055
1070
1080
1085
1090
1095
1105
1125
1140
1150
1165
1170
1185
1195
1205
1215
1225
1230
1235
1240
1245
1250
1255
1260
1265
1275
1280
1285
1290
1295
1300
1305
1310
1315
1320
1325
1330
1340
1345
1350
1355
1360
1365
1370
1380
1390
1400
1405
1410
1415
1430
1435
1450
1465
1475
1480
1490
1500
1510
1515
1520
1525
1530
1535
1540
1550
1570
1580
1585
1595
1600
1605
1610
1615
1620
1625
1630
1635
1645
1660
1670
1680
1690
1695
1700
1705
1710
1715
1720
1725
1730
1735
1740
1750
1760
1770
1775
1780
1790
1795
1800
1805
1810
1815
1820
1825
1835
1850
1865
1875
1900
1920
1925
1930
1935
1940
1950
1955
1960
1965
1970
1980
1985
1990
1995
2000
2005
2010
2015
2020
2025
2035
2040
2045
2050
2055
2060
2065
2075
2090
2095
2105
2115
2125
2135
2150
2155
2165
2170
2175
2180
2185
2190
2195
2205
2215
2225
2235
2240
2250
2255
2260
2265
2270
2275
2280
2285
2290
2295
2300
2305
2310
2315
2320
2325
2330
2335
2340
2345
2350
2355
2360
2365
2370
2375
2380
2385
2390
2395
2400
2405
2410
2415
2420
2425
2430
2435
2440
2445
2450
2455
2460
2465
2470
2475
2480
2485
2490
2495
2500
2505
2510
2515
2520
2525
2530
2535
2540
2545
2550
2555
2560
2565
2570
2575
2580
2585
2590
2595
2600
2605
2610
2620
2630
2635
2650
2655
2665
2670
2675
2680
2685
2690
2695
2700
2705
2710
2715
2720
2725
2730
2735
2740
2745
2750
2755
2760
2765
2770
2775
2780
2785
2790
2795
2800
2805
2810
2815
2820
2825
2835
2840
2845
2850
2860
2865
2870
2875
2880
2885
2890
2895
2900
2905
2910
2915
2920
2925
2930
2935
2940
2945
2950
2955
2960
2965
2970
2975
2980
2985
2990
2995
3000
3010
3015
3020
3025
3030
3035
3040
3045
3050
3055
3060
