6
18
28
34
38
44
48
52
58
64
74
84
92
96
102
110
114
118
126
134
140
148
154
162
168
178
184
194
202
216
228
238
244
254
272
288
296
304
314
328
342
346
350
356
364
372
380
388
398
414
426
440
448
454
458
464
468
470
472
478
490
500
508
516
526
536
546
558
566
576
586
598
612
626
642
656
666
668
670
672
674
676
678
680
682
684
686
688
690
692
694
700
702
704
706
708
710
712
714
716
718
720
722
724
726
728
730
732
734
736
738
740
742
744
746
748
750
752
756
758
762
764
766
768
770
772
774
776
778
782
786
790
796
804
820
852
880
906
926
948
972
1002
1034
1058
1076
1084
1092
1100
1112
1134
1148
1156
1166
1192
1206
1214
1224
1234
1240
1246
1256
1266
1274
1280
1288
1294
1300
1304
1310
1316
1318
1324
1334
1348
1354
1360
1366
1378
1396
1406
1416
1436
1448
1462
1476
1486
1500
1512
1518
1526
1536
1548
1560
1572
1584
1594
1598
1604
1610
1614
1622
1632
1644
1666
1686
1696
1706
1716
1724
1736
1750
1762
1778
1788
1796
1802
1808
1814
1818
1824
1834
1850
1868
1888
1914
1926
1938
1946
1954
1962
1972
1986
1996
2002
2008
2014
2020
2030
2046
2054
2062
2072
2092
2108
2126
2140
2150
2158
2164
2172
2180
2188
2198
2212
2228
2238
2256
2262
2268
2272
2276
2280
2288
2294
2296
2300
2306
2308
2310
2314
2316
2318
2320
2322
2326
2328
2330
2332
2334
2336
2342
2348
2350
2354
2356
2358
2360
2362
2364
2366
2368
2370
2372
2374
2376
2378
2380
2382
2384
2386
2388
2390
2394
2396
2398
2400
2402
2404
2406
2408
2410
2412
2414
2416
2418
2420
2422
2424
2428
2430
2432
2434
2436
2438
2440
2442
2444
2446
2448
2450
2452
2454
2458
2460
2464
2470
2474
2478
2482
2488
2490
2492
2496
2498
2500
2502
2504
2508
2516
2520
2522
2524
2526
2528
2530
2532
2534
2536
2538
2540
2542
2544
2546
2548
2550
2554
2560
2568
2574
2580
2582
2588
2590
2592
2594
2596
2598
2600
2602
2606
2608
2614
2624
2642
2654
2664
2668
2674
2684
2696
2704
2710
2716
2722
2726
2730
2732
2734
2736
2740
2744
2752
2760
2766
2772
2778
2786
2794
2800
2806
2816
2826
2836
2848
2856
2864
2870
2876
2884
2892
2902
2906
2912
2914
2920
2922
2924
2928
2932
2938
2940
2942
2946
2948
2952
2954
2956
2958
2960
2962
2966
2968
2974
2978
2982
2990
2996
3000
3012
3018
3022
3024
3032
3038
3044
3052
3058
3060
3062
