5
15
25
35
40
50
55
70
80
90
95
110
115
120
125
135
140
155
170
180
185
200
210
220
230
240
245
255
270
285
295
310
335
345
350
360
365
375
385
400
415
430
450
455
460
465
470
475
490
500
510
520
540
550
555
570
580
610
625
640
655
665
670
675
680
685
690
695
700
705
710
715
720
725
730
735
740
745
750
755
760
765
770
775
780
785
790
800
820
860
890
915
935
970
990
1020
1035
1115
1150
1165
1175
1190
1205
1220
1235
1250
1255
1265
1275
1285
1295
1300
1305
1310
1315
1320
1325
1340
1355
1375
1395
1415
1435
1460
1480
1505
1515
1530
1545
1565
1585
1600
1605
1610
1615
1630
1645
1665
1685
1705
1715
1720
1740
1760
1775
1790
1800
1805
1810
1820
1830
1850
1870
1910
1935
1945
1960
1970
1985
1995
2005
2015
2030
2045
2055
2070
2085
2110
2130
2155
2165
2180
2185
2190
2210
2235
2260
2265
2270
2275
2280
2290
2295
2300
2305
2310
2315
2320
2325
2330
2335
2340
2345
2350
2355
2360
2365
2370
2375
2380
2385
2390
2395
2400
2405
2410
2415
2420
2425
2430
2435
2440
2445
2450
2455
2460
2465
2470
2475
2480
2485
2490
2495
2500
2505
2510
2515
2520
2525
2530
2535
2540
2545
2550
2555
2560
2565
2570
2575
2580
2585
2590
2595
2600
2605
2610
2620
2630
2650
2665
2675
2685
2695
2705
2715
2720
2725
2730
2735
2740
2745
2750
2755
2765
2770
2775
2780
2785
2795
2810
2820
2825
2840
2850
2860
2865
2875
2885
2900
2905
2910
2915
2920
2925
2930
2935
2940
2945
2950
2955
2960
2965
2970
2975
2980
2985
2990
2995
3000
3010
3020
3030
3040
3045
3055
3060
