4
12
20
28
34
41
49
57
66
76
84
89
95
103
110
115
119
124
131
135
142
151
159
167
178
185
197
212
223
231
238
245
254
272
286
296
308
323
342
348
357
364
370
375
383
394
404
416
426
439
447
456
461
465
469
472
478
486
495
505
517
530
543
554
567
576
590
607
626
638
657
666
669
670
671
672
673
674
675
676
677
678
679
680
681
683
684
685
686
687
689
690
691
696
699
701
704
706
708
711
712
713
714
716
717
719
722
724
725
726
727
729
730
732
733
734
736
739
742
745
749
754
757
761
763
764
765
766
767
768
769
770
771
772
773
774
775
779
783
789
797
807
821
852
879
906
926
949
972
989
1011
1031
1051
1072
1084
1094
1112
1150
1160
1173
1192
1208
1220
1231
1240
1248
1257
1265
1273
1281
1291
1297
1307
1314
1319
1325
1333
1347
1355
1372
1389
1407
1419
1430
1438
1449
1462
1478
1496
1511
1518
1526
1538
1556
1577
1594
1600
1606
1611
1616
1623
1631
1644
1656
1673
1688
1705
1715
1721
1727
1736
1745
1756
1768
1777
1790
1799
1804
1808
1813
1819
1834
1854
1872
1887
1914
1927
1939
1947
1958
1972
1985
1991
1998
2007
2013
2019
2029
2047
2053
2065
2079
2095
2109
2125
2135
2149
2158
2165
2173
2181
2189
2199
2215
2229
2246
2257
2264
2268
2273
2278
2283
2290
2295
2300
2305
2308
2310
2314
2317
2319
2321
2325
2328
2331
2333
2338
2344
2349
2353
2357
2361
2364
2365
2367
2368
2369
2370
2372
2374
2376
2378
2380
2381
2382
2383
2384
2385
2387
2390
2393
2395
2399
2402
2405
2409
2412
2415
2417
2419
2422
2424
2426
2428
2429
2430
2433
2434
2437
2441
2444
2446
2448
2449
2451
2453
2456
2460
2464
2470
2474
2478
2484
2489
2493
2496
2498
2500
2502
2506
2513
2517
2520
2522
2524
2526
2527
2529
2530
2531
2533
2534
2535
2536
2537
2538
2539
2540
2541
2542
2543
2544
2545
2546
2548
2550
2555
2561
2568
2574
2579
2584
2588
2590
2592
2593
2594
2595
2598
2600
2602
2605
2608
2610
2613
2622
2635
2654
2663
2667
2674
2678
2686
2693
2698
2704
2710
2715
2719
2722
2725
2728
2732
2735
2737
2740
2746
2755
2765
2771
2778
2785
2795
2803
2810
2817
2830
2839
2849
2857
2865
2872
2877
2886
2895
2903
2907
2911
2915
2921
2926
2930
2933
2935
2940
2944
2950
2952
2955
2958
2961
2965
2969
2975
2979
2984
2989
2995
3000
3012
3019
3026
3034
3038
3045
3053
3057
3060
3063
