4
16
21
23
26
29
31
32
33
34
36
40
44
48
51
53
55
56
59
62
66
71
74
80
84
87
90
91
94
96
97
98
101
103
108
113
118
122
123
124
127
129
131
133
134
137
141
144
147
150
153
156
158
162
166
170
175
181
187
194
203
210
216
223
234
247
259
270
280
290
304
312
319
325
329
334
360
392
409
416
427
444
451
457
462
467
471
477
481
487
492
498
506
508
511
518
524
530
541
551
554
563
571
575
583
589
595
604
613
618
629
638
647
655
660
663
674
685
690
699
708
715
720
725
730
736
744
755
768
779
788
798
803
809
817
824
831
842
863
877
899
917
924
930
934
938
944
955
969
978
982
986
990
994
998
1003
1008
1013
1021
1028
1035
1041
1048
1053
1056
1060
1063
1066
1070
1073
1076
1081
1086
1092
1097
1103
1110
1115
1118
1123
1129
1146
1162
1181
1196
1203
1210
1219
1229
1242
1255
1273
1286
1297
1311
1319
1324
1327
1331
1335
1339
1341
1343
1347
1351
1355
1359
1363
1367
1373
1378
1385
1392
1400
1426
1438
1463
1481
1491
1507
1517
1532
1540
1548
1555
1560
1564
1571
1577
1585
1591
1596
1604
1611
1615
1620
1624
1630
1634
1636
1638
1642
1646
1650
1655
1661
1671
1682
1690
1702
1711
1718
1724
1732
1740
1749
1756
1761
1769
1776
1786
1793
1812
1818
1824
1845
1862
1875
1880
1893
1906
1908
1922
1928
1933
1941
1955
1964
1970
1981
1985
1992
1998
2003
2012
2024
2029
2038
2060
2066
2072
2075
2078
2080
2081
2083
2085
2088
2090
2096
2103
2106
2109
2115
2120
2122
2123
2124
2125
2143
2171
2212
2246
2262
2274
2278
2283
2291
2298
2299
2300
2301
2302
2303
2304
2306
2320
2334
2336
2340
2345
2348
2350
2352
2356
2360
2363
2367
2372
2376
2389
2401
2413
2417
2419
2421
2422
2423
2424
2425
2427
2431
2434
2436
2439
2442
2445
2452
2459
2466
2474
2481
2492
2503
2511
2520
2529
2538
2550
2567
2597
2618
2627
2636
2642
2644
2648
2653
2659
2664
2670
2674
2680
2683
2687
2691
2695
2699
2703
2708
2714
2722
2729
2734
2739
2747
2755
2762
2768
2774
2780
2787
2794
2802
2810
2816
2823
2828
2833
2837
2841
2844
2853
2863
2876
2889
2896
2903
2907
2911
2917
2928
2937
2944
2952
2959
2965
2972
2979
2987
2993
3000
3016
3042
3060
3070
3078
3088
3106
3126
3142
3159
3186
3213
3231
3253
3277
3293
3309
3331
3342
3354
3364
3367
3370
3374
3377
3385
3390
3397
3407
3423
3431
3434
3437
3439
3443
3447
3450
3455
3458
3461
3465
3467
3469
3471
3474
3478
3481
3484
3487
3489
3490
3493
3496
3498
3501
3512
3533
3551
3555
3561
3568
3576
3584
3590
3595
3598
3602
3607
3613
3623
3631
3637
3640
3644
3648
3655
3674
3686
3696
3703
3711
3717
3723
3727
3731
3735
3738
3741
3746
3750
3753
3757
3759
3760
3763
3766
3769
3772
3775
3779
3782
3785
3790
3793
3797
3803
3805
3808
3810
3814
3815
3819
3825
3830
3835
3839
3843
3847
3851
3855
3859
3864
3870
3875
3880
3886
3892
3895
3896
3897
3898
3900
3902
3903
3906
3908
3912
3925
3946
3958
3974
3995
4020
4027
4031
4037
4043
4048
4053
4057
4065
4072
4077
4084
4090
4095
4099
4102
4104
4106
4110
4113
4115
4116
4120
4124
4128
4132
4137
4141
4144
4148
4154
4157
4158
4162
4165
4167
4171
4176
4180
4184
4193
4199
4203
4209
4217
4223
4230
4235
4257
4269
4278
4283
4286
4288
4292
4296
4300
4302
4306
4309
4314
4319
4323
4327
4344
4353
4358
4362
4366
4370
4375
4379
4385
4388
4391
4395
4400
4403
4406
4411
4416
4420
4429
4434
4438
4441
4446
4450
4459
4468
4477
4483
4487
4489
4492
4496
4501
4506
4509
4512
4516
4521
4528
4535
4540
4544
4549
4554
4556
4560
4568
4575
4581
4588
4594
4599
4604
