5
15
20
25
30
35
40
45
50
55
60
65
70
75
80
85
90
95
100
105
110
115
120
125
130
135
140
145
150
155
160
165
170
175
180
185
190
195
200
205
210
215
220
225
230
240
245
250
255
260
265
275
280
285
290
300
310
315
320
325
330
335
345
375
400
410
415
420
430
440
450
455
460
465
470
475
480
485
490
495
500
505
510
515
520
525
530
535
540
545
550
555
560
565
570
575
580
590
595
600
605
620
625
630
635
640
645
655
660
670
675
680
685
690
700
705
710
715
720
725
730
740
750
755
765
770
780
790
795
800
805
810
815
820
825
830
840
845
860
870
875
900
915
920
925
930
935
940
945
950
955
965
975
980
985
990
995
1000
1005
1010
1015
1025
1030
1035
1040
1045
1050
1055
1060
1065
1070
1075
1080
1085
1090
1095
1100
1105
1110
1115
1120
1125
1135
1145
1160
1165
1175
1190
1195
1200
1205
1210
1215
1220
1225
1240
1255
1260
1265
1280
1285
1295
1310
1320
1325
1330
1335
1340
1345
1350
1355
1360
1365
1370
1375
1380
1385
1390
1395
1400
1410
1425
1440
1445
1455
1470
1485
1500
1510
1530
1535
1545
1550
1555
1560
1565
1570
1575
1580
1590
1595
1600
1605
1610
1615
1620
1625
1630
1635
1640
1645
1650
1655
1660
1665
1670
1680
1685
1690
1695
1705
1710
1715
1720
1725
1730
1735
1740
1745
1750
1755
1760
1770
1780
1795
1800
1815
1820
1840
1850
1860
1865
1875
1880
1885
1890
1905
1925
1930
1935
1940
1945
1950
1955
1960
1965
1970
1980
1985
1990
1995
2000
2010
2020
2025
2030
2040
2045
2055
2060
2065
2070
2075
2080
2085
2090
2095
2100
2105
2110
2115
2120
2125
2140
2170
2195
2225
2245
2255
2260
2270
2275
2280
2285
2295
2300
2305
2315
2330
2335
2340
2345
2350
2355
2360
2365
2370
2375
2390
2405
2415
2420
2425
2430
2435
2440
2445
2450
2455
2460
2465
2470
2475
2480
2485
2490
2495
2500
2505
2510
2515
2520
2525
2530
2535
2545
2550
2560
2565
2585
2610
2620
2625
2635
2640
2645
2650
2655
2660
2665
2670
2675
2680
2685
2690
2695
2700
2705
2710
2715
2720
2725
2730
2735
2740
2745
2750
2755
2760
2765
2770
2775
2780
2785
2790
2795
2800
2805
2810
2815
2820
2825
2830
2835
2840
2845
2850
2855
2860
2865
2870
2875
2885
2890
2895
2900
2905
2910
2915
2920
2930
2935
2940
2945
2950
2955
2960
2965
2970
2975
2980
2985
2990
2995
3000
3005
3020
3040
3060
3070
3080
3090
3105
3120
3130
3140
3145
3160
3185
3205
3230
3250
3280
3295
3315
3330
3340
3345
3360
3365
3370
3375
3380
3385
3390
3395
3405
3415
3425
3430
3435
3440
3445
3450
3455
3460
3465
3470
3475
3480
3485
3490
3495
3500
3510
3530
3545
3550
3555
3560
3565
3570
3575
3580
3585
3590
3595
3600
3605
3610
3615
3620
3625
3630
3635
3640
3645
3650
3660
3670
3675
3680
3685
3690
3700
3705
3710
3715
3720
3725
3730
3735
3740
3745
3750
3755
3760
3765
3770
3775
3780
3785
3790
3795
3800
3805
3810
3815
3820
3825
3830
3835
3840
3845
3850
3855
3860
3865
3870
3875
3880
3885
3890
3895
3900
3905
3910
3915
3925
3945
3960
3975
3995
4020
4025
4030
4035
4040
4045
4050
4055
4060
4065
4070
4075
4080
4085
4090
4095
4100
4105
4110
4115
4120
4125
4130
4135
4140
4145
4150
4155
4160
4165
4170
4175
4180
4185
4190
4195
4200
4205
4210
4215
4220
4225
4230
4235
4255
4265
4270
4275
4280
4285
4290
4295
4300
4305
4310
4315
4320
4325
4330
4340
4350
4355
4360
4365
4370
4375
4380
4385
4390
4395
4400
4405
4410
4415
4420
4430
4435
4440
4445
4450
4455
4470
4475
4480
4485
4490
4495
4500
4505
4510
4515
4520
4525
4530
4535
4540
4545
4550
4555
4560
4565
4570
4575
4580
4585
4590
4595
4600
