4
17
24
27
31
34
36
40
47
51
54
58
67
76
87
93
95
99
105
111
117
123
126
131
135
139
143
148
153
158
162
166
172
178
186
198
209
219
233
251
265
281
303
314
324
333
365
399
415
435
455
464
470
478
487
500
506
518
524
533
537
544
554
563
571
575
605
623
634
641
648
664
685
690
698
713
726
735
744
755
775
788
800
813
824
850
877
899
917
924
931
937
944
955
966
981
989
994
1000
1008
1017
1031
1039
1047
1053
1056
1060
1064
1068
1072
1077
1083
1092
1101
1111
1117
1122
1137
1155
1185
1200
1209
1218
1231
1249
1274
1309
1326
1334
1339
1343
1347
1351
1355
1359
1363
1368
1373
1378
1386
1398
1422
1470
1503
1532
1545
1555
1561
1571
1582
1595
1604
1611
1618
1627
1635
1638
1642
1647
1654
1671
1682
1690
1702
1711
1718
1724
1733
1743
1755
1768
1791
1839
1845
1862
1876
1895
1914
1928
1940
1954
1967
1981
1987
1994
2006
2024
2031
2038
2069
2074
2079
2085
2090
2097
2107
2117
2120
2123
2143
2170
2212
2246
2262
2274
2279
2287
2298
2299
2300
2301
2302
2304
2322
2336
2341
2347
2351
2355
2360
2366
2373
2389
2401
2414
2418
2422
2424
2426
2428
2432
2437
2441
2451
2458
2465
2474
2486
2503
2516
2530
2547
2567
2606
2630
2645
2652
2662
2674
2683
2687
2691
2695
2699
2704
2710
2719
2730
2738
2751
2763
2770
2779
2787
2794
2802
2813
2823
2829
2834
2839
2844
2853
2863
2876
2889
2896
2904
2911
2923
2941
2953
2968
2982
2995
3014
3040
3065
3075
3088
3107
3126
3159
3198
3243
3279
3295
3325
3350
3363
3368
3374
3384
3398
3407
3423
3431
3434
3438
3443
3447
3451
3454
3458
3461
3469
3474
3479
3482
3486
3488
3492
3497
3507
3533
3554
3561
3568
3576
3585
3594
3601
3607
3619
3633
3639
3644
3648
3655
3674
3694
3707
3718
3726
3732
3739
3745
3752
3758
3760
3762
3765
3769
3774
3780
3788
3794
3801
3805
3812
3815
3820
3827
3833
3838
3844
3848
3853
3859
3867
3874
3882
3892
3896
3899
3901
3903
3906
3908
3935
3949
3959
3994
4024
4033
4041
4048
4056
4065
4076
4087
4098
4104
4110
4115
4121
4127
4131
4135
4138
4141
4145
4148
4154
4161
4166
4171
4177
4187
4196
4203
4211
4217
4227
4235
4259
4275
4284
4287
4293
4298
4303
4308
4314
4320
4325
4344
4354
4367
4374
4379
4385
4390
4397
4403
4408
4414
4428
4437
4441
4447
4460
4472
4488
4493
4501
4509
4514
4520
4528
4535
4543
4552
4558
4566
4575
4581
4588
4594
4603
