4
17
24
39
54
74
93
113
129
149
170
180
184
190
194
206
216
224
235
246
261
271
282
298
321
337
354
365
380
399
418
426
430
438
444
448
454
465
473
485
491
499
515
527
540
551
560
566
571
575
580
585
590
595
599
603
606
610
613
617
623
630
639
654
666
672
684
694
702
715
730
739
749
759
764
771
785
796
806
821
829
838
843
849
855
869
880
887
892
899
905
913
919
925
929
933
940
946
952
967
986
1000
1013
1026
1036
1046
1054
1062
1067
1071
1076
1080
1094
1122
1127
1134
1140
1146
1152
1160
1166
1174
1177
1183
1193
1206
1225
1245
1252
1258
1265
1275
1288
1300
1317
1325
1336
1347
1355
1364
1384
1410
1416
1426
1437
1459
1476
1491
1507
1530
1540
1553
1577
1601
1636
1651
1668
1680
1688
1697
1702
1708
1716
1725
1733
1737
1741
1749
1758
1764
1769
1780
1792
1796
1799
1802
1807
1813
1819
1825
1830
1835
1842
1849
1855
1860
1864
1872
1881
1888
1897
1915
1925
1938
1972
2062
2084
2119
2126
2130
2131
2132
2133
2134
2135
2137
2138
2139
2140
2141
2142
2144
2145
2147
2149
2151
2153
2155
2157
2160
2164
2167
2173
2179
2183
2187
2193
2197
2203
2208
2212
2215
2218
2220
2222
2223
2226
2228
2229
2233
2236
2238
2240
2242
2243
2245
2247
2252
2254
2256
2260
2266
2269
2276
2289
2309
2327
2335
2343
2355
2368
2378
2391
2397
2403
2412
2417
2419
2422
2425
2429
2435
2440
2445
2453
2461
2471
2481
2487
2490
2494
2499
2503
2507
2512
2517
2520
2524
2528
2531
2535
2540
2545
2551
2555
2558
2562
2565
2569
2573
2579
2582
2587
2591
2594
2596
2599
2603
2608
2613
2616
2620
2624
2625
2629
2633
2637
2642
2648
2654
2659
2663
2669
2676
2686
2694
2703
2711
2720
2733
2747
2760
2787
2844
2877
2917
2949
2970
3009
3022
3032
3050
3068
3088
3127
3141
3149
3153
3156
3159
3163
3168
3173
3181
3188
3192
3196
3203
3207
3211
3214
3216
3218
3221
3223
3227
3232
3235
3236
3237
3238
3240
3243
3244
3247
3250
3253
3257
3262
3265
3268
3269
3271
3272
3273
3275
3277
3278
3279
3280
3281
3282
3284
3286
3288
3289
3291
3294
3295
3298
3299
3302
3304
3306
3308
3310
3311
3313
3315
3318
3319
3321
3324
3327
3332
3335
3337
3339
3341
3343
3346
3348
3352
3356
3361
3367
3374
3381
3386
3390
3397
3409
3418
3424
3428
3431
3436
3442
3450
3461
3474
3485
3489
3493
3499
3505
3510
3516
3522
3529
3537
3546
3551
3559
3565
3570
3572
3583
3587
3593
3604
3613
3617
3624
3629
3639
3656
3691
3716
3724
3743
3756
3762
3771
3788
3796
3812
3821
3834
3845
3855
3878
3892
3893
3897
3900
3901
3905
3908
3912
3916
3919
3922
3923
3931
3935
3939
3942
3944
3947
3950
3951
3953
3955
3957
3960
3963
3967
3972
3979
3985
3992
4003
4017
4024
4034
4040
4048
4056
4062
4067
4073
4077
4080
4082
4085
4087
4089
4091
4093
4094
4095
4098
4099
4101
4103
4105
4107
4109
4111
4114
4115
4117
4119
4121
4122
4124
4125
4126
4127
4128
4130
4133
4135
4140
4144
4147
4150
4152
4153
4155
4157
4160
4163
4165
4168
4172
4175
4179
4183
4186
4188
4190
4194
4199
4204
4210
4216
4222
4227
4235
4250
4254
4263
4268
4271
4273
4276
4280
4284
4288
4296
4301
4304
4310
4315
4318
4323
4326
4330
4341
4352
4363
4367
4371
4377
4381
4387
4393
4399
4402
4406
4411
4414
4420
4425
4428
4432
4434
4441
4454
4455
4457
4463
4476
4481
4487
4494
4496
4499
4503
4506
4509
4512
4517
4521
4525
4530
4535
4538
4539
4543
4547
4552
4557
4561
4565
4577
4581
4584
4588
4591
4594
4605
4614
4618
4634
4644
4660
4666
4676
4683
4689
4695
4700
4704
4710
4716
4723
4728
4734
4739
4744
4751
4758
4763
4767
4774
4779
4786
4795
4805
4810
4825
4828
4845
4854
4860
4872
4891
4896
4902
4908
4911
4918
4925
4930
4936
4942
4957
4971
4991
5043
5077
5088
5104
5134
5140
5151
5163
5167
5174
5185
5191
5195
5204
5225
5245
5252
5259
5267
5271
5275
5281
5287
5296
5307
5315
5327
5339
5349
5367
5373
5380
5396
5414
5433
5448
5465
5499
5513
5524
5531
5538
5543
5547
5551
5555
5560
5568
5573
5576
5581
5587
5592
5596
5601
5604
5609
5612
5613
5616
5618
5620
5622
5623
5625
5627
5629
5632
5634
5636
5637
5639
5641
5644
5645
5647
5648
5650
5654
5657
5660
5666
5671
5675
5680
5686
5693
5717
5726
5750
5764
5770
5776
5785
5794
5797
5802
5809
5812
5820
5827
5832
5834
5837
5840
5844
5846
5849
5850
5852
5856
5858
5860
5863
5867
5871
5874
5876
5877
5880
5881
5884
5887
5889
5892
5893
5895
5898
5903
5906
5908
5912
5916
5919
5923
5926
5927
5930
5936
5940
5946
5953
5960
5965
5972
5978
5984
5991
5998
6004
6010
6016
6025
6036
6047
6055
6063
6075
6089
6097
6111
6117
6122
6126
6131
6135
6139
6144
6148
6152
6157
6171
6180
6188
6201
6209
6213
6224
6229
6238
6242
6249
6253
6258
6262
6266
6273
6278
6307
6326
6344
6351
6365
6386
6410
6431
6462
6475
6483
6489
6494
6499
6504
6514
6518
6527
6540
6550
6570
6577
6586
6592
6595
6599
6602
6607
6610
6616
6620
6624
6629
6634
6640
6649
6661
6674
6691
6708
6718
6737
6748
6757
6777
6792
6798
6803
6806
6812
6817
6829
6853
6879
6895
6903
6910
6917
6924
6929
6935
6941
6946
6952
6970
6982
6988
7013
7023
7030
7035
7041
7047
7054
7059
7065
7070
7074
7077
7079
7080
7081
7082
7084
7085
7088
7089
7091
7092
7094
7096
7097
7098
7099
7100
7101
7102
7104
7105
7107
7109
7110
7114
7118
7122
7125
7131
7138
7146
7151
7153
7155
7157
7160
7161
7163
7166
7167
7169
7173
7176
7179
7181
7186
7193
7197
7202
7211
7219
7224
7231
7240
7244
7253
7269
7284
7293
7304
7311
7317
7325
7332
7337
7355
7368
7376
7383
7388
7393
7399
7408
7422
7440
7447
7450
7453
7456
7460
7467
7475
7481
7489
7501
7510
7522
7538
7548
7558
7566
7578
7591
7601
7607
7611
7616
7619
7623
7628
7631
7634
7637
7639
7641
7643
7645
7647
7649
7650
7651
7652
7653
7655
7656
7657
7658
7659
7662
7663
7666
7668
7669
7671
7673
7674
7676
7678
7679
7680
7681
7682
7684
7685
7687
7689
7691
7692
7693
7694
7695
7697
7698
7700
7703
7709
7714
7718
7724
7729
7736
7743
7750
7754
7758
7765
7775
7781
7792
7818
7829
7846
7853
7866
7879
7890
7895
7903
7912
7924
7934
7949
7960
7973
7983
7992
8009
8036
8045
8052
8055
8059
8066
8076
8083
8090
8097
8101
8106
8112
8117
8122
8126
8130
8134
8143
8150
8153
8155
8163
8169
8173
8183
8192
8198
8211
8220
8225
8250
8257
8262
8268
8278
8286
8296
8302
8305
8308
8310
8314
8320
8323
8326
8330
8337
8344
8359
8362
8367
8371
8375
8383
8391
8394
8400
8411
8415
8420
8431
8439
8447
8454
8469
8471
8477
8488
8494
8496
8502
8509
8512
8523
8528
8531
8533
8535
8537
8541
8543
8547
8550
8553
8556
8561
8564
8570
8573
8576
8580
8583
8586
8588
8590
8593
8595
8598
8603
8606
8614
8620
8625
8631
8634
8639
8642
8649
8660
8663
8668
8673
8677
8680
8686
8689
8692
8699
8703
8708
8714
8717
8719
8721
8725
8735
8744
8749
8752
8757
8765
8769
8774
8777
8785
8798
8805
8809
8811
8815
8819
8825
8831
8836
8841
8844
8849
8854
8857
8861
8864
8867
8871
8878
8884
8889
8890
8891
8892
8894
8898
8901
8905
8906
8907
8908
8911
8919
8922
8925
8930
8935
8939
8942
8944
8946
8948
8952
8956
8961
8967
8970
8973
8976
8977
8978
8979
8983
8985
8989
8992
8995
8998
8999
9003
9007
9010
9013
9015
9019
9022
9025
9028
9031
9036
9038
9039
9041
9043
9045
