8
24
57
85
135
139
143
175
181
186
193
206
217
245
262
293
320
351
365
378
399
421
429
438
448
454
465
480
488
493
499
515
533
550
560
568
574
580
589
596
601
608
615
622
629
639
665
672
702
704
724
739
749
759
764
779
796
811
828
839
846
853
871
893
907
922
931
942
953
977
1000
1013
1026
1045
1058
1069
1074
1089
1116
1126
1135
1146
1157
1166
1176
1182
1193
1217
1248
1255
1262
1273
1308
1331
1346
1364
1384
1414
1431
1476
1487
1508
1542
1587
1636
1661
1678
1695
1702
1708
1715
1720
1725
1733
1738
1744
1756
1764
1772
1788
1801
1809
1817
1826
1833
1841
1848
1855
1860
1865
1878
1899
1914
1925
1964
2062
2084
2120
2126
2130
2132
2133
2135
2137
2139
2140
2141
2144
2145
2147
2149
2153
2156
2162
2169
2179
2187
2191
2195
2199
2207
2213
2217
2221
2225
2228
2231
2237
2241
2244
2247
2253
2256
2260
2266
2273
2289
2318
2332
2344
2359
2374
2387
2403
2414
2422
2429
2435
2445
2455
2465
2474
2483
2489
2495
2501
2509
2517
2520
2524
2528
2533
2542
2549
2553
2557
2564
2570
2575
2579
2582
2587
2591
2595
2601
2606
2612
2617
2622
2627
2633
2637
2644
2649
2654
2659
2663
2669
2676
2686
2694
2703
2715
2733
2760
2781
2844
2877
2918
2984
3009
3026
3050
3082
3094
3137
3148
3155
3161
3172
3183
3190
3196
3204
3209
3212
3216
3219
3222
3224
3230
3234
3236
3237
3240
3243
3245
3249
3255
3260
3263
3267
3271
3274
3277
3279
3281
3283
3285
3288
3289
3291
3294
3295
3298
3302
3307
3311
3313
3315
3318
3322
3327
3332
3335
3339
3345
3348
3352
3358
3365
3379
3386
3397
3409
3418
3425
3432
3440
3456
3474
3486
3495
3510
3520
3527
3536
3547
3559
3565
3571
3582
3593
3604
3617
3624
3639
3656
3691
3729
3768
3789
3812
3821
3838
3856
3878
3896
3900
3906
3912
3919
3923
3931
3936
3941
3946
3950
3951
3955
3959
3964
3972
3980
3991
4003
4017
4024
4035
4050
4064
4073
4077
4081
4085
4089
4091
4094
4097
4100
4103
4105
4107
4109
4111
4114
4117
4120
4123
4126
4130
4133
4135
4139
4142
4146
4150
4152
4154
4158
4162
4166
4172
4176
4181
4187
4191
4198
4206
4213
4220
4227
4241
4260
4265
4269
4272
4277
4281
4288
4297
4302
4307
4316
4321
4328
4343
4352
4364
4370
4378
4383
4389
4394
4400
4405
4411
4416
4424
4429
4433
4441
4454
4459
4473
4486
4494
4498
4503
4511
4518
4525
4532
4535
4541
4543
4548
4552
4559
4565
4577
4582
4590
4606
4634
4644
4658
4667
4683
4691
4701
4723
4726
4742
4749
4758
4763
4770
4775
4783
4795
4807
4825
4829
4847
4871
4881
4889
4905
4925
4929
4936
4957
4971
4991
5043
5083
5102
5133
5140
5152
5167
5186
5199
5225
5245
5255
5268
5275
5280
5287
5298
5307
5332
5350
5371
5388
5415
5453
5464
5498
5521
5537
5543
5547
5552
5557
5564
5571
5581
5588
5594
5599
5607
5613
5616
5619
5622
5623
5625
5627
5629
5632
5634
5636
5637
5639
5642
5645
5647
5650
5654
5660
5666
5674
5679
5686
5720
5742
5759
5767
5777
5791
5802
5811
5820
5827
5833
5837
5841
5844
5849
5852
5857
5862
5866
5871
5874
5877
5880
5881
5886
5890
5895
5898
5903
5906
5908
5914
5919
5923
5929
5934
5944
5953
5962
5972
5982
5996
6004
6014
6020
6036
6052
6072
6096
6108
6115
6122
6126
6132
6138
6145
6152
6172
6185
6201
6211
6229
6241
6250
6255
6263
6297
6332
6344
6353
6367
6405
6463
6482
6492
6501
6513
6523
6548
6556
6566
6595
6601
6608
6614
6626
6631
6642
6668
6725
6728
6736
6764
6791
6805
6809
6817
6832
6853
6879
6899
6910
6920
6927
6941
6974
7017
7026
7035
7041
7047
7056
7061
7071
7077
7079
7082
7084
7085
7088
7089
7093
7096
7098
7100
7103
7108
7111
7116
7120
7124
7131
7138
7146
7151
7157
7160
7163
7166
7167
7169
7174
7178
7182
7187
7194
7215
7220
7225
7241
7248
7264
7279
7291
7309
7321
7333
7347
7368
7377
7386
7393
7405
7430
7439
7451
7454
7458
7469
7486
7504
7522
7543
7558
7572
7580
7588
7597
7606
7614
7621
7628
7633
7638
7643
7648
7651
7653
7656
7658
7659
7662
7663
7665
7668
7670
7673
7676
7678
7679
7681
7683
7687
7692
7693
7695
7697
7699
7703
7710
7715
7724
7731
7746
7754
7762
7778
7792
7818
7844
7853
7878
7904
7912
7939
7960
7973
7993
8015
8036
8045
8056
8066
8077
8088
8099
8108
8119
8127
8139
8154
8162
8170
8183
8191
8198
8205
8227
8247
8253
8259
8271
8286
8296
8303
8308
8310
8315
8322
8324
8336
8344
8361
8368
8375
8391
8401
8412
8431
8438
8456
8467
8484
8499
8509
8515
8528
8537
8542
8546
8550
8555
8562
8567
8571
8574
8580
8585
8588
8598
8606
8614
8625
8634
8645
8648
8660
8668
8673
8677
8680
8686
8691
8697
8708
8715
8718
8721
8730
8747
8761
8776
8796
8806
8815
8821
8826
8832
8839
8845
8851
8859
8863
8869
8878
8886
8890
8894
8899
8903
8905
8908
8913
8921
8934
8939
8943
8947
8954
8961
8966
8972
8975
8978
8981
8988
8992
8996
8999
9005
9012
9017
9024
9031
9037
9041
9044
