5
15
20
35
45
55
75
95
115
120
125
135
150
170
180
185
190
195
200
205
215
220
230
235
245
250
255
270
280
300
315
335
355
365
380
385
395
405
420
425
430
435
440
445
450
455
460
480
490
495
500
515
520
530
540
545
550
555
560
565
570
575
580
585
590
595
600
605
610
615
620
625
630
640
645
650
655
665
670
675
680
685
695
700
710
715
725
740
750
760
765
770
780
790
795
800
805
815
825
830
835
840
845
850
855
860
865
875
880
885
890
895
900
905
910
915
920
925
930
935
940
945
950
955
960
965
980
990
995
1005
1010
1020
1025
1040
1045
1055
1060
1065
1070
1075
1080
1100
1115
1120
1125
1130
1135
1140
1145
1150
1155
1160
1165
1170
1175
1180
1185
1190
1200
1210
1225
1240
1245
1250
1255
1260
1265
1270
1275
1280
1285
1300
1315
1330
1340
1350
1355
1365
1370
1375
1385
1390
1400
1405
1415
1420
1435
1445
1450
1460
1470
1490
1500
1515
1520
1525
1535
1540
1550
1555
1580
1600
1620
1650
1665
1670
1675
1680
1685
1690
1695
1700
1705
1710
1715
1720
1725
1730
1735
1740
1745
1750
1755
1760
1765
1770
1775
1785
1790
1795
1800
1805
1810
1815
1820
1825
1830
1835
1840
1845
1850
1855
1860
1865
1870
1880
1890
1905
1910
1920
1925
1930
1940
1965
1990
2010
2015
2035
2060
2075
2100
2115
2120
2125
2130
2135
2140
2145
2150
2155
2160
2165
2170
2175
2180
2185
2190
2195
2200
2205
2210
2215
2220
2225
2230
2235
2240
2245
2250
2255
2260
2265
2270
2275
2290
2305
2315
2330
2335
2340
2345
2355
2365
2370
2380
2385
2390
2395
2400
2405
2410
2415
2420
2425
2430
2435
2440
2445
2450
2455
2465
2475
2480
2485
2490
2495
2500
2505
2510
2515
2520
2525
2530
2535
2540
2545
2550
2555
2560
2565
2570
2575
2580
2585
2590
2595
2600
2605
2610
2615
2620
2625
2630
2635
2640
2645
2650
2655
2660
2665
2670
2675
2680
2685
2690
2695
2700
2705
2715
2720
2730
2745
2760
2775
2790
2800
2815
2840
2875
2885
2920
2955
2970
2990
3005
3015
3020
3025
3030
3035
3040
3045
3050
3070
3075
3110
3120
3130
3140
3145
3150
3155
3160
3165
3170
3175
3180
3185
3190
3195
3200
3205
3210
3215
3220
3225
3230
3235
3240
3245
3250
3255
3260
3265
3270
3275
3280
3285
3290
3295
3300
3305
3310
3315
3320
3325
3330
3335
3340
3345
3350
3355
3360
3365
3370
3375
3380
3385
3390
3395
3400
3410
3415
3420
3425
3430
3435
3440
3445
3455
3460
3470
3475
3485
3490
3495
3500
3505
3510
3515
3520
3525
3530
3535
3540
3545
3550
3555
3560
3565
3570
3575
3580
3585
3590
3595
3600
3605
3610
3615
3620
3630
3635
3640
3655
3685
3695
3710
3725
3745
3765
3770
3775
3780
3795
3810
3815
3820
3825
3830
3840
3845
3855
3880
3890
3895
3900
3905
3910
3915
3920
3925
3935
3940
3945
3950
3955
3960
3965
3970
3975
3980
3985
3995
4005
4010
4015
4020
4025
4035
4040
4045
4055
4060
4065
4070
4075
4080
4085
4090
4095
4100
4105
4110
4115
4120
4125
4130
4135
4140
4145
4150
4155
4160
4165
4170
4175
4180
4185
4190
4195
4200
4205
4210
4215
4220
4225
4230
4240
4250
4255
4260
4265
4270
4275
4280
4285
4290
4295
4300
4305
4310
4315
4320
4325
4330
4340
4345
4350
4355
4360
4365
4370
4375
4380
4385
4390
4395
4400
4405
4410
4415
4420
4425
4430
4435
4440
4445
4455
4460
4465
4470
4475
4480
4490
4495
4500
4505
4510
4515
4520
4525
4530
4535
4540
4545
4550
4555
4560
4565
4570
4575
4580
4585
4590
4595
4605
4610
4615
4620
4625
4630
4645
4650
4655
4660
4665
4670
4675
4680
4685
4690
4695
4700
4705
4710
4715
4725
4730
4735
4740
4745
4750
4755
4760
4765
4770
4775
4780
4785
4790
4795
4800
4805
4810
4820
4825
4830
4845
4850
4860
4865
4875
4880
4885
4890
4895
4900
4905
4910
4915
4920
4930
4935
4940
4945
4950
4955
4965
4990
5000
5005
5020
5030
5050
5060
5075
5080
5085
5095
5120
5130
5135
5140
5155
5165
5170
5175
5185
5190
5195
5205
5210
5220
5230
5235
5245
5250
5255
5260
5265
5270
5275
5280
5285
5290
5295
5300
5305
5310
5315
5320
5325
5345
5350
5360
5365
5370
5375
5380
5385
5390
5400
5405
5420
5430
5440
5450
5470
5475
5480
5490
5495
5505
5510
5515
5525
5530
5535
5540
5545
5550
5555
5560
5565
5570
5575
5580
5585
5590
5595
5600
5605
5610
5615
5620
5625
5630
5635
5640
5645
5650
5655
5660
5665
5670
5675
5680
5685
5690
5695
5705
5720
5730
5750
5765
5770
5775
5780
5785
5795
5800
5805
5810
5815
5820
5825
5830
5835
5840
5845
5850
5855
5860
5865
5870
5875
5880
5885
5890
5895
5900
5905
5910
5915
5920
5925
5930
5935
5940
5945
5950
5955
5960
5965
5970
5975
5980
5985
5990
6000
6005
6010
6015
6020
6030
6040
6045
6050
6055
6060
6065
6070
6085
6100
6105
6110
6115
6120
6125
6130
6135
6140
6145
6150
6155
6160
6170
6180
6185
6190
6195
6200
6205
6210
6215
6225
6235
6240
6245
6250
6255
6260
6265
6270
6285
6290
6305
6310
6330
6340
6345
6355
6365
6380
6400
6405
6425
6445
6455
6480
6485
6490
6495
6500
6505
6510
6520
6525
6530
6540
6545
6555
6560
6570
6575
6580
6585
6590
6595
6600
6605
6610
6615
6620
6625
6630
6635
6645
6650
6660
6675
6690
6695
6705
6710
6715
6720
6730
6735
6745
6750
6760
6765
6770
6785
6790
6795
6800
6805
6810
6815
6820
6825
6830
6835
6850
6855
6875
6890
6895
6900
6905
6910
6915
6920
6925
6930
6935
6940
6945
6950
6965
6970
6975
6990
7000
7010
7025
7030
7035
7040
7045
7050
7055
7060
7065
7070
7075
7080
7085
7090
7095
7100
7105
7110
7115
7120
7125
7130
7135
7140
7145
7150
7155
7160
7165
7170
7175
7180
7185
7190
7195
7200
7205
7210
7215
7220
7225
7230
7235
7245
7250
7265
7270
7275
7285
7290
7295
7300
7305
7310
7315
7320
7325
7330
7335
7340
7355
7365
7370
7375
7380
7385
7390
7395
7400
7420
7430
7440
7450
7455
7460
7465
7470
7485
7495
7500
7510
7525
7530
7535
7540
7545
7550
7555
7560
7565
7570
7575
7580
7585
7595
7600
7605
7610
7615
7620
7625
7630
7635
7640
7645
7650
7655
7660
7665
7670
7675
7680
7685
7690
7695
7700
7705
7710
7715
7720
7725
7730
7735
7740
7745
7750
7755
7760
7765
7770
7775
7780
7785
7795
7800
7815
7820
7830
7845
7855
7860
7865
7870
7885
7890
7895
7900
7905
7910
7915
7920
7925
7930
7940
7950
7960
7970
7980
7985
7990
8000
8005
8020
8025
8030
8040
8050
8055
8060
8070
8075
8080
8085
8090
8095
8100
8105
8110
8115
8120
8125
8130
8135
8140
8145
8150
8155
8160
8165
8170
8175
8180
8185
8190
8195
8200
8210
8215
8220
8235
8240
8245
8250
8255
8260
8265
8270
8275
8285
8290
8295
8300
8305
8310
8315
8320
8325
8330
8335
8340
8345
8355
8360
8365
8370
8375
8380
8385
8390
8395
8400
8405
8410
8415
8420
8425
8430
8435
8445
8450
8455
8460
8465
8470
8475
8480
8485
8490
8495
8500
8505
8510
8515
8520
8525
8530
8535
8540
8545
8550
8555
8560
8565
8570
8575
8580
8585
8590
8595
8600
8605
8610
8615
8620
8625
8630
8635
8640
8645
8650
8655
8660
8665
8670
8675
8680
8685
8690
8695
8700
8705
8710
8715
8720
8725
8730
8735
8740
8745
8750
8755
8760
8765
8770
8775
8780
8785
8790
8795
8800
8805
8810
8815
8820
8825
8830
8835
8840
8845
8850
8855
8860
8865
8870
8875
8880
8885
8890
8895
8900
8905
8910
8915
8920
8925
8930
8935
8940
8945
8950
8955
8960
8965
8970
8975
8980
8985
8990
8995
9000
9005
9010
9015
9020
9025
9030
9035
9040
