0
10
35
65
70
75
80
85
90
95
100
105
110
115
120
125
130
135
140
145
150
155
160
165
170
175
180
185
190
200
205
220
225
230
235
245
255
260
265
270
275
280
290
295
300
310
315
320
325
330
335
340
350
360
370
395
410
415
420
425
430
440
450
455
460
465
470
475
480
485
495
510
525
540
555
575
580
585
595
605
615
640
690
715
740
745
770
780
785
790
795
805
810
815
820
825
830
835
840
845
850
855
860
865
870
875
880
885
890
895
905
910
915
920
930
940
950
955
960
970
975
980
990
1000
1005
1010
1020
1030
1040
1045
1060
1065
1080
1090
1100
1110
1120
1135
1145
1155
1170
1175
1185
1195
1205
1215
1220
1225
1230
1235
1240
1255
1265
1275
1280
1285
1305
1315
1320
1330
1340
1345
1350
1360
1365
1370
1375
1380
1385
1390
1395
1400
1405
1410
1415
1420
1425
1430
1435
1440
1445
1450
1455
1460
1465
1470
1475
1485
1490
1495
1500
1505
1510
1515
1520
1525
1530
1535
1540
1545
1550
1555
1560
1565
1570
1575
1585
1590
1595
1600
1605
1610
1615
1620
1625
1630
1640
1645
1650
1655
1660
1665
1670
1675
1680
1685
1690
1695
1705
1710
1715
1720
1725
1730
1735
1750
1770
1785
1790
1800
1805
1810
1815
1820
1835
1840
1850
1860
1870
1875
1880
1885
1890
1895
1900
1910
1915
1925
1935
1940
1945
1950
1955
1960
1965
1970
1975
1980
1985
1990
1995
2000
2005
2010
2015
2020
2025
2030
2035
2040
2045
2050
2055
2060
2065
2070
2075
2080
2085
2090
2095
2100
2105
2110
2115
2120
2125
2130
2135
2140
2145
2150
2155
2160
2170
2175
2185
2190
2195
2205
2210
2215
2220
2230
2235
2245
2255
2260
2265
2270
2275
2290
2305
2320
2340
2350
2375
2385
2400
2410
2425
2440
2445
2455
2465
2470
2475
2480
2485
2490
2495
2500
2505
2510
2515
2520
2525
2530
2535
2540
2545
2550
2555
2560
2565
2570
2575
2580
2585
2590
2595
2600
2605
2610
2615
2620
2625
2630
2635
2640
2645
2650
2655
2660
2665
2670
2675
2680
2685
2690
2695
2700
2710
2715
2720
2730
2735
2745
2750
2755
2760
2765
2770
2775
2780
2785
2795
2800
2805
2810
2820
2830
2845
2860
2865
2870
2875
2880
2885
2890
2895
2900
2905
2910
2915
2920
2925
2930
2935
2940
2945
2950
2955
2960
2965
2970
2975
2980
2985
2995
3000
3010
3015
3020
3025
3030
3035
3040
3045
3055
3060
3070
3080
3085
3090
3095
3100
3105
3110
3115
3120
3125
3130
3135
3140
3145
3150
3155
3160
3165
3170
3175
3180
3190
3195
3200
3205
3210
3215
3220
3225
3230
3235
3240
3245
3250
3255
3260
3265
3270
3275
3280
3285
3295
3300
3305
3310
3315
3325
3340
3350
3355
3360
3365
3370
3375
3380
3385
3390
3400
3405
3410
3415
3420
3425
3430
3440
3445
3450
3455
3465
3485
3505
3515
3520
3530
3540
3545
3550
3560
3570
3580
3585
3590
3595
3610
3620
3625
3630
3640
3645
3650
3655
3660
3670
3675
3680
3685
3690
3695
3700
3705
3710
3715
3720
3725
3735
3740
3745
3760
3765
3770
3785
3790
3795
3800
3805
3810
3815
3820
3825
3830
3835
3840
3845
3850
3855
3860
3865
3870
3875
3880
3885
3890
3895
3900
3905
3910
3915
3920
3925
3930
3935
3940
3945
3950
3955
3960
3965
3970
3975
3980
3985
3995
4000
4010
4030
4040
4050
4060
4065
4070
4075
4080
4090
4095
4100
4105
4110
4115
4120
4125
4130
4135
4140
4145
4150
4155
4160
4170
4175
4180
4190
4195
4200
4215
4225
4235
4240
4245
4250
4255
4260
4265
4270
4275
4285
4290
4295
4300
4310
4315
4320
4325
4330
4335
4340
4345
4350
4355
4360
4365
4370
4375
4380
4385
4390
4395
4400
4405
4410
4415
4420
4430
4445
4450
4455
4465
4475
4480
4485
4490
4500
4505
4510
4515
4520
4525
4530
4535
4540
4545
4550
4555
4560
4565
4570
4580
4585
4595
4600
4605
4610
4615
4625
4645
4660
4665
4670
4675
4680
4685
4690
4695
4700
4705
4710
4715
4720
