0
35
72
82
86
89
92
95
106
111
115
119
126
138
144
149
153
157
161
165
171
178
187
203
219
234
248
256
264
277
295
311
327
338
355
378
409
416
429
445
456
464
473
481
495
518
541
567
585
599
630
692
740
788
801
816
822
831
840
847
854
862
871
879
886
895
906
922
940
961
978
997
1021
1048
1071
1090
1108
1122
1132
1146
1163
1185
1207
1224
1233
1249
1266
1294
1323
1345
1356
1371
1377
1385
1397
1409
1417
1428
1435
1440
1453
1467
1479
1494
1499
1509
1520
1525
1543
1553
1566
1579
1602
1615
1631
1649
1654
1663
1671
1687
1699
1711
1722
1765
1795
1815
1827
1849
1872
1886
1900
1910
1926
1940
1954
1961
1971
1978
1984
1998
2009
2015
2024
2035
2045
2052
2058
2063
2072
2081
2093
2103
2116
2127
2139
2152
2164
2185
2197
2210
2223
2242
2262
2275
2292
2321
2342
2369
2407
2425
2440
2456
2466
2475
2476
2478
2479
2481
2482
2483
2484
2487
2490
2494
2498
2500
2502
2504
2506
2508
2511
2512
2513
2515
2520
2522
2526
2534
2539
2543
2546
2551
2556
2562
2569
2574
2581
2588
2596
2606
2608
2611
2614
2615
2617
2620
2622
2625
2628
2630
2632
2633
2636
2639
2643
2647
2649
2657
2666
2680
2693
2708
2718
2732
2743
2751
2758
2767
2776
2781
2790
2804
2814
2835
2846
2863
2873
2882
2892
2898
2902
2907
2913
2919
2930
2939
2948
2959
2966
2970
2976
2999
3014
3025
3037
3042
3051
3077
3092
3103
3111
3119
3125
3133
3143
3156
3165
3178
3195
3203
3211
3218
3230
3233
3245
3253
3261
3272
3289
3308
3321
3329
3339
3358
3371
3385
3397
3405
3414
3423
3431
3442
3451
3465
3479
3504
3564
3585
3596
3606
3628
3642
3657
3666
3679
3685
3691
3701
3708
3716
3724
3750
3761
3776
3787
3796
3804
3810
3816
3821
3824
3825
3827
3830
3831
3833
3834
3836
3838
3839
3840
3841
3843
3849
3851
3852
3853
3854
3855
3857
3858
3859
3860
3861
3863
3864
3865
3866
3867
3869
3870
3872
3874
3875
3877
3878
3879
3882
3886
3890
3896
3900
3903
3907
3909
3912
3915
3919
3922
3923
3924
3925
3927
3929
3930
3932
3933
3935
3936
3937
3938
3939
3945
3949
3951
3955
3960
3966
3973
4010
4031
4048
4077
4087
4098
4103
4110
4113
4117
4125
4135
4142
4158
4170
4173
4181
4229
4241
4246
4252
4270
4282
4293
4300
4326
4333
4341
4348
4355
4362
4369
4375
4383
4395
4407
4416
4436
4442
4457
4475
4487
4501
4506
4512
4517
4523
4530
4535
4539
4543
4545
4549
4555
4563
4571
4586
4601
4620
4644
4664
4676
4686
4693
4697
4699
4701
4703
4705
4710
4714
4718
4726
