3
9
35
68
75
78
81
83
86
89
90
92
95
100
106
112
117
121
126
134
140
146
150
153
156
159
164
169
175
180
185
192
210
221
233
244
254
260
267
275
282
290
304
312
326
335
342
352
358
367
389
412
419
427
435
454
460
469
474
481
493
508
526
541
557
571
579
585
599
610
640
684
709
724
739
745
755
788
797
807
816
822
829
834
842
848
854
859
864
871
876
882
888
895
900
911
922
936
952
962
975
986
997
1007
1020
1036
1047
1060
1072
1089
1101
1111
1122
1132
1146
1162
1176
1188
1204
1214
1224
1234
1243
1256
1270
1294
1310
1331
1344
1351
1361
1374
1382
1389
1394
1402
1409
1414
1420
1424
1428
1432
1433
1437
1444
1447
1452
1460
1467
1476
1479
1493
1498
1501
1509
1513
1520
1526
1531
1534
1540
1543
1551
1555
1566
1579
1586
1605
1611
1618
1623
1625
1631
1637
1645
1649
1651
1654
1658
1662
1665
1666
1673
1679
1683
1692
1696
1705
1714
1722
1731
1750
1769
1789
1804
1812
1820
1831
1842
1855
1865
1879
1890
1897
1905
1913
1926
1935
1943
1947
1954
1963
1969
1974
1978
1984
1992
2003
2008
2012
2017
2021
2028
2031
2034
2038
2044
2047
2050
2052
2057
2061
2064
2071
2075
2081
2087
2093
2099
2105
2109
2113
2122
2131
2140
2152
2159
2167
2175
2185
2190
2201
2210
2218
2230
2245
2257
2266
2278
2297
2321
2336
2351
2369
2392
2406
2425
2440
2459
2467
2472
2475
2476
2477
2478
2479
2481
2482
2483
2484
2485
2487
2490
2492
2496
2498
2500
2501
2503
2504
2506
2507
2509
2511
2512
2513
2514
2517
2519
2520
2521
2523
2527
2532
2534
2540
2542
2544
2546
2551
2555
2559
2563
2566
2572
2576
2579
2580
2583
2588
2594
2599
2604
2605
2606
2608
2609
2610
2611
2612
2614
2615
2616
2617
2618
2620
2621
2622
2624
2626
2628
2629
2630
2632
2633
2634
2635
2637
2641
2643
2645
2647
2650
2651
2652
2653
2656
2660
2664
2669
2680
2693
2708
2718
2726
2732
2743
2751
2758
2764
2769
2776
2781
2790
2802
2808
2814
2824
2835
2846
2860
2866
2871
2882
2892
2898
2900
2904
2908
2915
2920
2927
2931
2937
2942
2949
2955
2960
2966
2968
2971
2975
2984
2999
3013
3019
3024
3030
3036
3042
3044
3048
3055
3060
3072
3081
3088
3099
3108
3114
3119
3123
3127
3131
3135
3137
3141
3145
3152
3156
3162
3167
3180
3191
3198
3205
3209
3215
3221
3227
3233
3240
3248
3253
3257
3267
3275
3283
3290
3300
3309
3314
3318
3323
3329
3345
3358
3369
3377
3383
3388
3395
3403
3411
3416
3422
3427
3433
3439
3444
3452
3465
3482
3506
3516
3527
3537
3545
3549
3554
3573
3585
3594
3600
3609
3628
3642
3651
3658
3668
3676
3682
3687
3691
3698
3704
3710
3716
3724
3733
3739
3748
3756
3764
3778
3790
3795
3804
3810
3812
3816
3821
3824
3825
3827
3828
3829
3830
3831
3833
3834
3835
3836
3838
3839
3840
3841
3842
3845
3849
3851
3852
3853
3854
3855
3857
3858
3859
3860
3861
3863
3864
3865
3866
3867
3869
3870
3871
3872
3874
3875
3877
3878
3879
3882
3886
3889
3891
3894
3898
3900
3903
3907
3909
3911
3912
3914
3917
3918
3920
3922
3923
3924
3925
3926
3927
3929
3930
3931
3932
3933
3935
3936
3937
3938
3939
3941
3945
3949
3951
3953
3954
3958
3962
3968
3973
3986
3997
4011
4026
4040
4053
4061
4068
4077
4088
4097
4101
4106
4111
4113
4117
4120
4127
4132
4138
4144
4159
4169
4173
4180
4195
4206
4216
4226
4234
4241
4249
4257
4260
4261
4266
4278
4288
4301
4320
4324
4328
4333
4339
4343
4346
4349
4353
4357
4363
4369
4374
4378
4385
4391
4396
4406
4412
4422
4437
4442
4458
4465
4474
4483
4492
4501
4506
4510
4514
4517
4523
4529
4533
4536
4540
4543
4546
4550
4553
4558
4566
4576
4588
4598
4604
4620
4644
4657
4662
4668
4675
4680
4684
4689
4691
4694
4697
4698
4699
4701
4702
4703
4704
4706
4707
4709
4712
4714
4715
4718
4723
4728
