5
15
20
30
40
50
55
60
65
70
75
80
85
90
100
115
125
130
135
145
150
155
165
170
180
185
200
205
215
230
240
245
260
270
275
280
285
295
300
305
310
315
320
325
330
340
345
355
370
375
390
400
420
425
435
440
445
455
465
475
480
485
495
500
510
520
525
540
560
565
580
585
590
600
610
620
630
640
645
655
670
675
690
695
715
730
755
760
775
790
800
810
820
840
875
885
895
910
915
930
945
965
980
995
1015
1025
1030
1045
1065
1090
1115
1130
1150
1170
1185
1220
1225
1230
1235
1240
1245
1250
1255
1260
1265
1270
1275
1280
1285
1295
1300
1305
1310
1315
1320
1325
1330
1335
1340
1345
1350
1355
1360
1365
1370
1380
1385
1390
1395
1400
1405
1410
1415
1420
1425
1430
1435
1440
1445
1450
1455
1460
1465
1470
1475
1480
1485
1490
1495
1500
1505
1510
1515
1520
1525
1530
1535
1540
1545
1550
1555
1565
1570
1575
1580
1585
1590
1595
1600
1605
1610
1615
1620
1625
1630
1635
1640
1645
1650
1655
1660
1665
1670
1675
1680
1685
1690
1695
1700
1705
1710
1715
1720
1725
1730
1735
1740
1745
1750
1755
1760
1770
1775
1780
1785
1790
1795
1800
1805
1810
1815
1820
1825
1835
1845
1855
1860
1865
1870
1875
1880
1885
1890
1895
1900
1905
1910
1915
1920
1925
1930
1935
1940
1945
1950
1955
1960
1965
1970
1975
1980
1990
2005
2015
2025
2035
2050
2065
2075
2100
2105
2115
2120
2125
2135
2140
2150
2155
2160
2165
2170
2175
2180
2185
2190
2195
2200
2205
2210
2220
2225
2240
2245
2250
2255
2265
2275
2290
2300
2320
2325
2345
2360
2380
2390
2395
2405
2410
2415
2420
2425
2430
2435
2440
2445
2450
2455
2460
2465
2470
2475
2480
2485
2490
2500
2510
2520
2530
2540
2550
2560
2570
2585
2600
2605
2620
2630
2640
2645
2655
2660
2665
2675
2680
2685
2690
2700
2705
2715
2725
2735
2740
2750
2760
2765
2780
2785
2795
2805
2815
2825
2835
2840
2845
2860
2865
2870
2880
2885
2895
2900
2905
2910
2915
2920
2925
2930
2935
2940
2945
2950
2955
2960
2965
2970
2975
2980
2985
2990
2995
3000
3005
3010
3015
3020
3025
3030
3035
3040
3050
3060
3065
3075
3090
3095
3100
3105
3110
3115
3120
3125
3130
3135
3140
3145
3150
3155
3160
3165
3170
3175
3180
3185
3190
3200
3205
3210
3215
3220
3225
3230
3235
3240
3245
3250
3255
3260
3265
3270
3275
3280
3285
3290
3295
3300
3305
3310
3315
3320
3325
3330
3335
3340
3345
3350
3355
3360
3365
3370
3375
3380
3385
3390
3395
3400
3405
3410
3415
3420
3425
3430
3435
3440
3445
3450
3455
3460
3465
3470
3475
3480
3485
3490
3495
3500
3505
3510
3515
3520
3525
3530
3535
3540
3545
3550
3555
3560
3565
3570
3575
3580
3585
3590
3595
3600
3605
3610
3615
3620
3625
3630
3635
3640
3645
3650
3655
3660
3665
3670
3675
3680
3685
3690
3695
3700
3705
3710
3715
3720
3725
3730
3735
3740
3745
3750
3755
3760
3765
3770
3775
3780
3785
3790
3795
3800
3805
3810
3815
3820
3825
3830
3835
3840
3845
3850
3855
3860
3865
3870
3875
3880
3885
3890
3895
3900
3905
3910
3915
3920
3925
3930
3935
3940
3945
3950
3955
3960
3965
3970
3975
3980
3985
3990
3995
4000
4005
4010
4015
4020
4025
4030
4035
4040
4045
4050
4055
4060
4065
4070
4075
4080
4085
4090
4095
4100
4105
4110
4115
4120
4125
4130
4135
4140
4145
4150
4155
4160
4165
4170
4175
4180
4185
4190
4195
4200
4205
4210
4215
4220
4225
4230
4235
4240
4245
4250
4255
4260
4265
4270
4275
4280
4285
4290
4295
4300
4305
4310
4315
4320
4325
4330
4335
4340
4345
4350
4355
4360
4365
4370
4375
4380
4385
4390
4395
4400
4405
4410
4415
4420
4425
4430
4435
4445
4455
4465
4480
4490
4500
4505
4515
4520
4525
4535
4550
4560
4565
4570
4580
4590
4595
4600
4605
4610
4615
4620
4625
4630
4635
4640
4650
4655
4660
4665
4675
4680
4690
4700
4710
4715
4720
4735
4745
4755
4765
4770
4775
4785
4790
4800
4810
4815
4825
4830
4840
4850
4855
4865
4870
4885
4900
4910
4920
4925
4930
4940
4945
4950
4955
4960
4965
4970
4975
4980
4985
4990
4995
5000
5005
5010
5015
5020
5025
5030
5035
5040
5045
5055
5060
5065
5070
5075
5080
5085
5090
5095
5105
5110
5115
5125
