9
25
49
56
60
67
79
102
134
153
156
166
175
187
210
228
245
264
286
307
317
336
372
409
432
463
480
521
539
559
580
593
615
640
652
678
695
724
757
779
840
883
913
980
1030
1074
1157
1200
1232
1238
1242
1246
1258
1268
1278
1292
1305
1314
1328
1341
1349
1358
1373
1384
1390
1395
1400
1405
1410
1414
1418
1420
1423
1425
1426
1427
1428
1429
1430
1431
1432
1433
1434
1435
1438
1439
1440
1443
1446
1449
1453
1461
1466
1470
1477
1492
1499
1505
1513
1527
1542
1559
1569
1586
1597
1601
1605
1610
1615
1619
1627
1635
1637
1639
1640
1641
1642
1643
1645
1647
1649
1650
1652
1655
1662
1667
1669
1670
1673
1676
1679
1682
1683
1685
1688
1693
1700
1704
1709
1712
1715
1719
1724
1728
1731
1735
1740
1745
1751
1758
1779
1788
1796
1800
1806
1811
1821
1840
1857
1864
1869
1874
1876
1878
1880
1881
1883
1885
1889
1893
1898
1905
1913
1919
1924
1928
1934
1939
1943
1948
1953
1959
1966
1975
1997
2028
2062
2084
2108
2130
2144
2158
2163
2169
2176
2183
2188
2192
2197
2203
2213
2236
2268
2293
2324
2347
2394
2414
2426
2436
2448
2460
2468
2473
2478
2487
2501
2517
2535
2570
2599
2624
2646
2663
2677
2694
2710
2724
2740
2755
2768
2779
2795
2813
2827
2843
2860
2875
2890
2906
2917
2923
2928
2933
2937
2940
2943
2946
2950
2953
2954
2958
2963
2968
2972
2977
2983
2990
2997
3005
3011
3016
3024
3041
3073
3081
3098
3106
3112
3118
3121
3123
3125
3127
3128
3131
3135
3137
3140
3144
3146
3148
3149
3151
3152
3153
3154
3155
3156
3157
3159
3162
3164
3166
3168
3176
3193
3216
3231
3242
3250
3255
3259
3265
3276
3280
3283
3286
3289
3292
3294
3296
3298
3299
3300
3301
3302
3303
3304
3305
3306
3307
3308
3309
3310
3311
3312
3313
3314
3315
3317
3319
3320
3323
3327
3330
3333
3334
3335
3336
3337
3339
3341
3342
3343
3344
3345
3346
3347
3348
3349
3350
3353
3354
3357
3359
3362
3364
3365
3367
3368
3370
3371
3372
3373
3374
3375
3376
3377
3379
3381
3382
3383
3384
3385
3386
3387
3388
3389
3391
3393
3394
3396
3398
3401
3404
3409
3417
3421
3425
3429
3435
3437
3440
3444
3448
3451
3455
3460
3462
3465
3469
3473
3476
3481
3486
3491
3494
3498
3501
3503
3504
3506
3508
3509
3510
3511
3513
3514
3515
3516
3518
3520
3521
3523
3524
3525
3526
3527
3528
3531
3534
3537
3540
3544
3546
3547
3548
3550
3552
3557
3560
3562
3563
3564
3565
3566
3567
3568
3569
3570
3571
3572
3573
3574
3576
3577
3579
3582
3583
3585
3586
3589
3594
3595
3596
3597
3598
3600
3603
3604
3605
3606
3607
3608
3609
3610
3612
3613
3615
3618
3620
3623
3627
3631
3633
3636
3639
3642
3644
3646
3648
3649
3652
3655
3663
3667
3672
3677
3685
3690
3692
3696
3704
3707
3710
3712
3715
3717
3718
3720
3723
3726
3728
3732
3735
3737
3743
3748
3751
3754
3758
3762
3765
3768
3774
3782
3795
3807
3814
3819
3822
3825
3828
3831
3835
3837
3838
3839
3840
3841
3842
3843
3844
3845
3847
3848
3849
3850
3852
3853
3855
3856
3857
3858
3860
3861
3862
3864
3865
3867
3869
3871
3872
3873
3875
3879
3884
3886
3888
3890
3893
3895
3898
3900
3901
3903
3906
3908
3911
3915
3919
3921
3922
3925
3930
3936
3943
3951
3961
3964
3968
3972
3979
3982
3985
3987
3990
3993
3995
3996
3997
3999
4000
4001
4006
4011
4015
4019
4023
4025
4027
4029
4030
4031
4032
4036
4039
4042
4044
4045
4046
4048
4050
4052
4054
4056
4058
4059
4060
4061
4062
4063
4064
4065
4066
4067
4068
4069
4070
4071
4072
4073
4075
4077
4080
4081
4082
4083
4084
4086
4088
4089
4091
4092
4093
4094
4096
4097
4100
4102
4103
4104
4105
4106
4108
4111
4114
4115
4118
4122
4125
4128
4131
4132
4135
4138
4141
4147
4154
4162
4170
4179
4188
4196
4203
4209
4215
4218
4223
4230
4237
4244
4250
4258
4266
4271
4276
4282
4289
4296
4302
4307
4313
4317
4321
4325
4331
4337
4344
4350
4355
4361
4369
4374
4381
4385
4393
4400
4410
4422
4431
4441
4464
4490
4513
4528
4552
4569
4580
4592
4598
4611
4629
4639
4652
4666
4680
4698
4728
4748
4761
4779
4809
4828
4844
4860
4868
4883
4903
4929
4937
4948
4960
4973
4985
4996
5003
5008
5019
5026
5037
5052
5067
5079
5092
5105
5119
5128
