11
36
54
60
67
93
161
170
193
234
264
286
317
336
380
457
476
551
603
622
749
819
980
1030
1062
1157
1234
1245
1264
1297
1314
1334
1360
1379
1391
1399
1409
1415
1421
1424
1426
1428
1430
1431
1433
1434
1435
1438
1443
1448
1455
1468
1477
1491
1499
1508
1521
1543
1566
1585
1599
1605
1610
1618
1627
1637
1640
1642
1644
1647
1650
1654
1660
1669
1672
1676
1680
1682
1686
1692
1701
1708
1715
1721
1728
1736
1745
1756
1782
1798
1806
1814
1840
1871
1875
1878
1881
1884
1888
1896
1907
1917
1925
1933
1940
1947
1954
1962
1973
1997
2028
2062
2084
2108
2128
2151
2161
2171
2181
2187
2194
2201
2208
2233
2246
2268
2310
2347
2392
2414
2428
2442
2460
2468
2474
2484
2512
2535
2570
2599
2628
2655
2679
2713
2746
2775
2802
2831
2860
2887
2906
2920
2927
2936
2943
2950
2958
2968
2976
2986
2997
3007
3015
3025
3042
3076
3101
3112
3119
3123
3126
3130
3133
3137
3140
3144
3147
3150
3152
3155
3157
3160
3163
3167
3174
3193
3216
3235
3247
3253
3258
3265
3276
3281
3284
3289
3293
3296
3299
3300
3301
3302
3303
3304
3305
3306
3307
3308
3309
3310
3311
3313
3314
3317
3321
3327
3330
3333
3334
3336
3337
3339
3342
3343
3344
3345
3347
3349
3350
3353
3354
3357
3360
3364
3365
3367
3369
3371
3374
3376
3379
3381
3382
3383
3385
3388
3389
3391
3393
3395
3398
3402
3408
3416
3422
3428
3434
3437
3440
3443
3447
3456
3462
3465
3469
3475
3484
3492
3497
3502
3505
3507
3509
3510
3511
3513
3515
3519
3526
3527
3531
3535
3539
3545
3550
3552
3555
3559
3561
3563
3564
3565
3566
3567
3568
3569
3570
3571
3572
3573
3574
3576
3577
3579
3581
3584
3587
3596
3598
3601
3605
3606
3607
3609
3610
3613
3615
3619
3622
3627
3633
3638
3642
3645
3647
3649
3652
3655
3663
3670
3677
3685
3704
3708
3712
3715
3718
3720
3723
3726
3728
3732
3735
3739
3745
3749
3756
3763
3772
3797
3814
3820
3825
3829
3834
3837
3839
3840
3841
3842
3843
3844
3845
3847
3848
3849
3850
3852
3853
3856
3857
3858
3860
3861
3862
3864
3865
3867
3869
3871
3873
3878
3884
3886
3892
3896
3899
3901
3903
3906
3909
3914
3922
3927
3938
3948
3963
3967
3978
3983
3986
3992
3996
3997
3999
4001
4006
4012
4019
4023
4026
4029
4030
4032
4036
4039
4043
4046
4051
4054
4057
4059
4060
4062
4063
4064
4065
4066
4067
4068
4069
4070
4071
4073
4075
4078
4081
4084
4087
4090
4092
4094
4097
4100
4102
4105
4107
4109
4111
4114
4117
4123
4129
4134
4137
4141
4151
4162
4180
4192
4203
4212
4220
4228
4238
4248
4258
4271
4279
4288
4296
4303
4311
4318
4328
4337
4344
4350
4357
4364
4372
4381
4393
4406
4425
4441
4485
4517
4552
4575
4603
4622
4647
4672
4698
4732
4775
4809
4851
4877
4918
4948
4966
4983
4999
5011
5025
5038
5054
5067
5085
5098
5120
