5
30
45
55
60
70
85
90
95
100
105
110
115
125
130
135
145
150
155
165
170
175
180
185
190
195
200
205
210
215
220
225
230
235
240
245
250
255
260
265
270
275
280
285
290
295
300
305
310
315
320
325
330
335
340
345
350
355
365
370
380
390
400
405
410
415
420
425
435
445
450
455
460
465
470
480
490
500
510
515
520
525
530
535
540
545
550
555
560
565
570
575
580
590
605
610
615
625
635
645
650
655
660
670
675
680
685
690
695
700
705
715
720
730
735
740
745
750
765
770
780
790
795
805
810
820
825
840
850
865
875
880
885
890
895
900
905
910
915
920
925
930
940
945
950
955
960
965
970
975
980
990
995
1005
1015
1020
1025
1030
1045
1050
1055
1065
1070
1075
1085
1090
1100
1105
1110
1115
1125
1140
1160
1175
1185
1200
1215
1235
1250
1255
1260
1270
1275
1280
1285
1290
1295
1300
1305
1310
1315
1320
1325
1330
1335
1340
1345
1350
1355
1360
1365
1370
1375
1380
1385
1390
1395
1405
1410
1415
1420
1425
1430
1435
1440
1445
1450
1455
1460
1465
1470
1475
1480
1485
1490
1495
1500
1505
1510
1515
1520
1525
1530
1535
1540
1545
1550
1555
1565
1575
1580
1590
1595
1600
1610
1615
1620
1625
1630
1635
1640
1645
1650
1660
1670
1680
1690
1700
1710
1720
1725
1730
1740
1750
1755
1765
1770
1775
1780
1785
1790
1795
1805
1815
1820
1830
1835
1850
1855
1860
1865
1870
1875
1880
1885
1890
1895
1900
1905
1910
1915
1920
1925
1930
1935
1940
1945
1950
1955
1965
1970
1975
1985
1990
1995
2000
2005
2010
2015
2025
2035
2045
2055
2070
2075
2090
2095
2105
2115
2130
2140
2160
2175
2180
2195
2205
2215
2220
2230
2240
2255
2270
2285
2305
2320
2330
2340
2350
2355
2360
2365
2370
2375
2380
2385
2390
2395
2400
2405
2410
2415
2420
2430
2435
2440
2445
2450
2455
2460
2465
2470
2475
2480
2485
2490
2495
2500
2505
2510
2515
2520
2525
2530
2535
2540
2545
2550
2555
2560
2565
2570
2575
2580
2585
2590
2595
2600
2605
2610
2615
2620
2625
2630
2640
2645
2650
2655
2660
2665
2670
2675
2680
2685
2690
2700
2710
2720
2725
2730
2735
2740
2745
2750
2760
2765
2770
2775
2780
2785
2790
2795
2800
2805
2810
2815
2825
2835
2845
2860
2870
2875
2885
2890
2895
2900
2905
2910
2915
2920
2925
2930
2935
2940
2945
2950
2955
2960
2965
2975
2990
2995
3000
3015
3035
3045
3060
3075
3080
3085
3090
3095
3100
3110
3115
3120
3125
3135
3145
3155
3160
3170
3175
3185
3195
3200
3210
3220
3235
3245
3250
3260
3265
3270
3275
3280
3290
3300
3310
3320
3330
3335
3340
3350
3360
3375
3390
3400
3410
3425
3440
3450
3455
3465
3475
3480
3485
3495
3500
3505
3515
3520
3525
3530
3535
3540
3545
3550
3555
3560
3565
3570
3575
3585
3590
3595
3605
3615
3625
3630
3640
3645
3650
3655
3660
3670
3675
3680
3685
3690
3695
3700
3705
3710
3715
3720
3725
3735
3750
3760
3770
3780
3795
3810
3815
3820
3825
3835
3840
3845
3850
3855
3860
3865
3870
3875
3880
3885
3890
3895
3900
3910
3915
3920
3925
3930
3935
3940
3945
3950
3955
3960
3965
3970
3980
3985
3990
3995
4000
4005
4010
4015
4020
4025
4030
4035
4040
4045
4050
4055
4060
4065
4070
4080
4085
4090
4095
4100
4105
4110
4115
4120
4125
4135
4140
4145
4150
4155
4160
4165
4170
4175
4180
4185
4190
4200
4205
4210
4215
4220
4225
4230
4235
4240
4250
4260
4265
4280
4285
4290
4300
4305
4315
4320
4335
4350
4365
4370
4380
4385
4390
4395
4400
4405
4410
4415
4420
4425
4430
4435
4440
4445
4450
4455
4460
4465
4470
4475
4480
4485
4490
4495
4500
4505
4510
4515
4520
4525
4530
4535
4540
4545
4550
4555
4560
4565
4570
4585
4590
4605
4610
4615
4620
4625
4630
4635
4640
4645
4650
4655
4660
4665
4670
4675
4680
4685
4690
4695
4700
4705
4710
4720
4730
4740
4745
4750
4755
4760
4770
4775
4780
4785
4790
4795
4800
4815
4820
4825
4830
4835
4840
4845
4850
4855
4860
4865
4870
4875
4880
4885
4890
4900
4905
4910
4915
4920
4925
4930
4935
4945
4950
4960
4970
4975
4980
4985
4990
4995
5000
5005
5010
5015
5020
5030
5035
5045
5050
5055
5065
5070
5075
5080
5085
5095
5100
5105
5110
5115
5120
5125
5130
5135
5140
5145
5155
5160
5170
5180
5190
5205
5220
5230
5245
5255
5260
5265
5270
5275
5280
5285
5290
5295
5300
5305
5310
5315
5320
5325
5330
5335
5340
5345
5350
5355
5360
5365
5370
5375
5380
5385
5390
5400
5415
5425
5430
5445
5455
5465
5480
5490
5505
5520
5540
5550
5565
5580
5590
5600
5610
5635
5650
5660
5670
5685
5690
5695
5705
5720
5725
5735
5740
5745
5755
5760
5770
5775
5780
5785
5790
5795
5800
5805
5810
5815
5820
5825
5830
5835
5840
5845
5850
5855
5860
5865
5870
5875
5880
5885
5890
5895
5900
5905
5910
5915
5920
5925
5930
5935
5940
5945
5950
5955
5960
5965
5970
5975
5980
5985
5990
5995
6000
6005
6010
6015
6020
6030
6040
6050
6055
6060
6065
6070
6075
6080
6085
6090
6095
6100
6105
6110
6115
6120
6125
6130
6135
6140
6145
6150
6155
6160
6165
6170
6175
6185
6195
6200
6205
6210
6215
6220
6225
6230
6235
6240
6245
6250
6255
6260
6265
6270
6275
6280
6285
6290
6295
6300
6305
6310
6315
6320
6325
6330
6340
6345
6350
6355
6360
6370
6375
6385
6390
6395
6405
6415
6420
6425
6430
6435
6440
6445
6450
6455
6460
6465
6470
6475
6480
6485
6490
6495
6505
6510
6515
6520
6525
6530
6535
6545
6555
6560
6565
6570
6575
6580
6585
6590
6595
6600
6605
6610
6615
6620
6625
6630
6635
6640
6645
6650
6655
6660
6665
6670
6675
6680
6685
6700
6705
6715
6720
6725
6730
6735
6740
6750
6765
6770
6780
6785
6790
6795
6800
6805
6820
6825
6830
6835
6840
6845
6850
6855
6860
6865
6870
6875
6880
6885
6890
6895
6900
6905
6910
6915
6920
6925
6930
6935
6940
6945
6950
6955
6960
6965
6970
6980
6985
6990
6995
7000
7005
7010
7020
7035
7040
7045
7050
7055
7060
7065
7070
7075
7085
7095
7100
7105
7115
7125
7135
7150
7160
7165
7170
7175
7180
7185
7190
7195
7200
7205
7210
7215
7220
7225
7230
7235
7240
7245
7250
7255
7260
7265
7270
7275
7280
7285
7295
7300
7305
7310
7315
7320
7325
7330
7335
7345
7350
7360
7365
7370
7380
7385
7395
7400
7405
7410
7415
7420
7425
7435
7445
7450
7455
7460
7465
7470
7475
7480
7490
7500
7510
7520
7530
7540
7550
7565
7575
7585
7595
7600
7610
7615
7620
7630
7640
7655
7665
7675
7680
7690
7695
7700
7705
7710
7715
7730
7745
7755
7760
7765
7770
7780
7795
7800
7805
7810
7820
7830
7835
7840
7855
7860
7865
7875
7885
7890
7895
7900
7905
7910
7915
7920
7925
7940
7950
7955
7965
7975
7985
7990
7995
8010
8015
8020
8025
8035
8040
8045
8050
8055
8060
8065
8070
8075
8080
8090
8095
8100
8105
8110
8115
8125
8135
8145
8160
8170
8185
8200
8225
8240
8255
8265
8275
8280
8290
8300
8310
8315
8320
8325
8330
8340
8345
8350
8355
8360
8365
8370
8375
8380
8385
8390
8395
8400
8405
8410
8415
8420
8425
8430
8435
8440
8445
8450
8455
8460
8470
8475
8480
8485
8490
8500
8505
8510
8515
8520
8525
8530
8540
8550
8555
8560
8565
8570
8575
8580
8585
8590
8595
8600
8605
8610
8615
8620
8625
8630
8635
8640
8645
8650
8655
8660
8665
8670
8675
8685
8690
8695
8705
8715
8720
8725
8730
8740
8750
8765
8785
8795
8810
8820
8830
8840
8845
8850
8860
8875
8885
8890
8900
8910
8915
8925
8930
8935
8940
8945
8950
8955
8960
8970
8975
8990
8995
9005
9010
9015
9020
9025
9030
9035
9040
9045
9050
9055
9060
9065
9070
9075
9080
9085
9090
9095
9100
9105
9110
9115
9120
9125
9130
9135
9140
9145
9150
9160
9170
9175
9185
9190
9195
9200
9205
9210
9215
9220
9225
9230
9235
9240
9245
9250
9255
9260
9265
9270
9275
9280
9285
9290
9295
9300
9310
9315
9320
9325
9330
9335
9340
9345
9350
9360
9365
9370
9375
9380
9385
9395
9410
9415
9430
9435
9450
9470
9485
9495
9505
9520
9530
9560
9570
9585
9595
9605
9620
9635
9650
9665
9675
9690
9695
9705
9715
