32
55
64
71
79
87
96
102
108
111
116
120
124
128
131
137
143
148
155
162
169
175
180
184
189
195
203
211
215
221
229
234
239
244
252
262
266
268
273
279
283
290
295
300
306
310
313
316
325
334
347
366
385
394
408
418
431
442
452
462
470
487
502
508
515
522
524
528
531
533
534
535
545
550
558
562
566
571
577
589
609
620
639
666
679
691
706
720
732
740
746
754
761
770
778
786
794
804
813
822
835
848
863
877
886
894
903
914
926
937
950
962
972
978
988
1002
1014
1023
1030
1036
1043
1049
1055
1063
1068
1075
1090
1103
1125
1136
1155
1198
1219
1236
1249
1264
1279
1295
1309
1317
1321
1328
1335
1341
1349
1358
1370
1378
1387
1401
1418
1428
1440
1447
1455
1461
1468
1476
1489
1502
1515
1525
1532
1539
1547
1560
1582
1597
1615
1628
1651
1667
1685
1716
1729
1745
1756
1767
1781
1796
1810
1824
1849
1862
1868
1876
1886
1899
1915
1925
1936
1945
1957
1971
1980
2002
2027
2061
2078
2098
2132
2149
2176
2198
2234
2248
2259
2292
2321
2355
2374
2391
2399
2406
2414
2426
2437
2445
2458
2465
2473
2480
2485
2490
2497
2503
2510
2518
2527
2534
2540
2546
2553
2560
2566
2571
2575
2580
2585
2591
2598
2605
2611
2618
2624
2630
2638
2647
2655
2662
2669
2674
2682
2696
2710
2724
2737
2751
2761
2775
2786
2798
2808
2824
2844
2866
2883
2891
2896
2900
2903
2905
2908
2910
2911
2914
2916
2917
2919
2921
2924
2928
2931
2936
2940
2945
2952
2959
2966
2974
2986
3004
3031
3064
3089
3104
3118
3137
3160
3179
3196
3212
3227
3243
3262
3277
3295
3309
3325
3342
3364
3380
3401
3425
3451
3480
3492
3502
3511
3515
3529
3538
3551
3560
3569
3576
3583
3589
3595
3606
3617
3636
3648
3662
3676
3686
3696
3709
3722
3732
3745
3760
3789
3810
3821
3839
3851
3862
3878
3903
3916
3934
3949
3963
3971
3996
4016
4029
4045
4059
4084
4100
4119
4136
4152
4163
4172
4180
4190
4197
4207
4217
4226
4233
4241
4249
4260
4268
4280
4292
4303
4315
4322
4331
4343
4361
4372
4382
4392
4400
4409
4418
4427
4432
4439
4444
4448
4451
4455
4460
4468
4477
4489
4501
4510
4518
4528
4536
4543
4556
4567
4576
4586
4595
4606
4625
4639
4653
4665
4683
4700
4717
4730
4739
4744
4746
4748
4749
4751
4752
4754
4757
4758
4759
4760
4761
4762
4763
4764
4765
4766
4770
4773
4777
4780
4783
4786
4789
4791
4795
4799
4809
4815
4830
4839
4855
4869
4885
4898
4910
4919
4928
4939
4954
4965
4977
4987
4995
5003
5011
5021
5027
5034
5042
5053
5064
5073
5082
5097
5108
5124
5138
5160
5201
5224
5246
5274
5286
5291
5297
5305
5316
5326
5344
5360
5374
5382
5395
5408
5426
5449
5485
5518
5574
5599
5653
5711
5741
5760
5773
5782
5790
5798
5809
5818
5827
5832
5837
5844
5849
5857
5863
5870
5878
5888
5895
5900
5903
5908
5912
5919
5926
5933
5938
5943
5948
5951
5956
5960
5965
5969
5978
5985
5992
6000
6007
6016
6024
6035
6044
6052
6066
6083
6089
6094
6100
6106
6115
6122
6131
6139
6147
6153
6156
6163
6172
6184
6194
6198
6201
6205
6209
6214
6219
6226
6235
6246
6253
6261
6265
6267
6270
6274
6283
6296
6305
6314
6321
6328
6335
6346
6359
6373
6385
6397
6405
6412
6423
6429
6436
6445
6456
6466
6474
6485
6496
6506
6518
6532
6541
6552
6567
6581
6591
6595
6601
6610
6617
6621
6626
6631
6634
6638
6643
6649
6654
6658
6663
6672
6683
6697
6712
6720
6732
6742
6753
6764
6770
6774
6783
6788
6789
6791
6792
6794
6796
6797
6798
6799
6801
6802
6803
6804
6805
6807
6809
6810
6811
6812
6813
6816
6819
6822
6823
6825
6827
6829
6831
6833
6836
6839
6841
6843
6845
6847
6850
6852
6856
6859
6862
6865
6868
6872
6877
6880
6883
6886
6887
6890
6894
6901
6910
6918
6926
6934
6939
6945
6953
6962
6970
6977
6984
6990
6994
6997
7000
7004
7007
7010
7014
7019
7024
7030
7037
7046
7052
7057
7062
7066
7071
7078
7088
7096
7105
7115
7128
7136
7144
7161
7179
7189
7197
7205
7211
7217
7227
7239
7248
7258
7265
7276
7288
7300
7328
7338
7345
7355
7361
7373
7383
7393
7402
7409
7418
7428
7449
7474
7495
7538
7570
7588
7600
7641
7660
7678
7696
7711
7729
7823
7861
7920
7939
7964
7980
8010
8023
8037
8051
8063
8072
8082
8101
8110
8118
8128
8141
8150
8157
8165
8172
8181
8188
8205
8236
8252
8264
8279
8290
8296
8304
8313
8322
8330
8337
8347
8362
8380
8394
8402
8406
8413
8417
8423
8430
8437
8444
8450
8457
8464
8471
8481
8495
8505
8509
8513
8514
8517
8520
8521
8525
8529
8531
8532
8533
8536
8537
8538
8539
8540
8541
8543
8544
8546
8548
8550
8553
8556
8557
8559
8562
8565
8567
8570
8572
8575
8578
8581
8584
8587
8590
8595
8607
8614
8622
8629
8641
8654
8663
8672
8683
8691
8705
8721
8730
8739
8744
8748
8753
8756
8760
8763
8768
8776
8781
8787
8796
8810
8830
8846
8858
8869
8877
8886
8895
8906
8918
8930
8941
8953
8966
8975
8982
8992
9002
9011
9018
9024
9029
9034
9042
9050
9059
9069
9074
9083
9098
9107
9116
9121
9128
9137
9147
9162
9170
9179
9189
9198
9212
9224
9232
9240
9250
9264
9269
9275
9282
9294
9307
9318
9328
9336
9345
9355
9364
9372
9382
9389
9396
9404
9409
9414
9419
9425
9434
9451
9466
9479
9493
9506
9518
9531
9556
9577
9588
9603
9623
9642
9658
9674
9688
9701
9713
