8
34
50
58
65
73
79
84
89
94
98
100
104
107
109
111
114
118
121
123
125
127
129
134
141
146
149
154
161
166
170
175
177
180
183
186
190
193
197
202
207
212
217
223
231
236
239
243
246
252
260
264
266
268
273
279
283
289
293
297
300
302
304
307
309
312
316
324
332
336
342
352
360
369
385
398
408
416
420
428
436
445
452
460
466
473
479
487
494
500
505
509
515
520
523
524
525
526
527
529
530
532
533
534
535
536
546
550
554
559
564
569
574
578
590
602
608
614
622
631
643
661
672
681
690
702
712
721
731
737
742
745
749
755
762
771
778
786
791
799
807
814
822
834
846
857
869
879
887
894
901
908
918
928
938
946
954
960
967
973
978
986
993
1000
1007
1012
1017
1023
1029
1033
1038
1044
1049
1055
1060
1064
1068
1072
1079
1085
1094
1106
1122
1130
1138
1146
1172
1195
1211
1224
1238
1245
1251
1262
1273
1290
1301
1311
1315
1317
1320
1324
1330
1336
1342
1347
1353
1358
1362
1367
1373
1379
1384
1390
1399
1406
1414
1419
1425
1432
1441
1448
1453
1457
1462
1466
1469
1474
1481
1487
1494
1499
1505
1510
1517
1523
1529
1534
1539
1547
1554
1562
1576
1586
1594
1602
1612
1619
1629
1636
1648
1658
1674
1687
1695
1703
1714
1727
1737
1745
1753
1761
1767
1775
1784
1792
1800
1810
1820
1830
1841
1853
1862
1871
1879
1886
1895
1902
1913
1920
1928
1933
1938
1947
1957
1971
1980
1991
1997
2008
2021
2051
2062
2079
2092
2104
2112
2132
2148
2161
2171
2181
2194
2203
2212
2231
2245
2259
2281
2295
2310
2321
2329
2338
2355
2363
2368
2374
2380
2391
2398
2403
2411
2421
2427
2432
2437
2445
2455
2462
2466
2471
2476
2480
2483
2486
2490
2495
2500
2504
2509
2514
2519
2525
2532
2535
2539
2543
2547
2550
2554
2558
2562
2566
2569
2572
2576
2579
2584
2590
2594
2599
2605
2610
2615
2622
2626
2630
2636
2643
2648
2653
2656
2662
2667
2670
2675
2682
2691
2703
2715
2721
2725
2732
2741
2749
2756
2765
2773
2781
2790
2801
2809
2820
2839
2855
2874
2884
2891
2894
2897
2900
2903
2905
2906
2907
2909
2910
2911
2913
2914
2916
2917
2918
2920
2921
2922
2923
2925
2928
2930
2933
2935
2938
2942
2945
2949
2954
2957
2962
2968
2975
2994
3018
3051
3080
3094
3108
3120
3131
3145
3161
3175
3186
3195
3202
3211
3219
3226
3236
3248
3262
3273
3285
3296
3305
3316
3325
3336
3349
3357
3367
3376
3388
3403
3425
3445
3458
3477
3492
3502
3511
3515
3520
3525
3530
3535
3541
3549
3555
3562
3567
3571
3575
3579
3584
3589
3596
3610
3623
3636
3648
3662
3673
3682
3688
3695
3702
3710
3723
3732
3740
3752
3762
3772
3781
3799
3809
3817
3830
3844
3851
3862
3872
3883
3895
3906
3913
3920
3928
3938
3945
3955
3963
3969
3973
3979
3991
4000
4010
4020
4027
4030
4035
4045
4059
4072
4082
4091
4100
4109
4115
4122
4130
4139
4144
4153
4163
4169
4173
4178
4184
4192
4201
4208
4217
4224
4229
4234
4239
4244
4249
4254
4259
4265
4273
4283
4289
4297
4306
4315
4322
4328
4334
4343
4352
4361
4369
4377
4384
4391
4397
4404
4410
4418
4424
4428
4431
4434
4438
4441
4444
4446
4447
4449
4452
4455
4457
4460
4466
4471
4477
4483
4491
4499
4505
4511
4517
4524
4530
4535
4538
4542
4547
4556
4564
4570
4577
4583
4589
4594
4606
4620
4628
4636
4647
4652
4659
4670
4680
4692
4704
4718
4729
4738
4743
4745
4747
4748
4749
4750
4751
4752
4753
4754
4755
4756
4757
4758
4759
4760
4761
4762
4763
4764
4765
4766
4767
4768
4769
4770
4771
4772
4773
4774
4775
4776
4778
4780
4783
4787
4789
4790
4794
4797
4800
4808
4813
4820
4828
4833
4844
4855
4864
4872
4877
4885
4893
4900
4909
4915
4919
4925
4931
4940
4949
4957
4963
4969
4975
4983
4992
5000
5005
5009
5015
5020
5024
5029
5032
5038
5043
5050
5061
5068
5076
5083
5097
5107
5117
5122
5128
5134
5144
5153
5169
5191
5217
5232
5241
5252
5264
5272
5279
5286
5291
5296
5302
5307
5313
5318
5323
5328
5336
5350
5360
5372
5377
5384
5394
5406
5419
5429
5451
5491
5507
5523
5544
5562
5577
5617
5635
5650
5662
5680
5700
5709
5717
5727
5741
5757
5765
5770
5775
5779
5784
5789
5794
5800
5805
5813
5820
5827
5832
5835
5840
5844
5849
5853
5855
5861
5864
5870
5877
5886
5895
5900
5905
5908
5911
5915
5919
5922
5925
5930
5933
5936
5939
5942
5946
5948
5951
5954
5957
5960
5965
5967
5970
5975
5980
5984
5988
5995
6000
6004
6010
6016
6024
6037
6044
6050
6056
6066
6077
6085
6089
6092
6095
6098
6101
6104
6107
6113
6117
6121
6125
6130
6137
6144
6149
6153
6156
6158
6164
6169
6176
6185
6194
6198
6201
6204
6207
6210
6214
6219
6224
6230
6239
6247
6254
6259
6263
6265
6267
6269
6271
6273
6276
6280
6285
6290
6295
6300
6303
6306
6310
6314
6318
6322
6326
6329
6335
6342
6349
6355
6364
6374
6385
6397
6402
6410
6414
6419
6423
6428
6434
6441
6448
6455
6462
6469
6476
6486
6498
6508
6518
6529
6536
6544
6554
6567
6578
6587
6593
6595
6599
6605
6612
6618
6622
6625
6629
6632
6634
6638
6643
6649
6652
6655
6659
6665
6673
6681
6692
6703
6713
6720
6729
6736
6742
6749
6756
6762
6769
6774
6782
6786
6788
6789
6790
6791
6792
6793
6794
6795
6796
6797
6798
6799
6800
6801
6802
6803
6804
6805
6806
6807
6808
6809
6810
6811
6812
6813
6814
6816
6819
6821
6822
6823
6824
6825
6826
6827
6828
6830
6831
6832
6834
6835
6837
6840
6841
6842
6843
6844
6845
6847
6848
6849
6850
6852
6856
6859
6861
6862
6865
6869
6873
6876
6878
6881
6884
6886
6887
6889
6891
6894
6900
6906
6912
6915
6919
6925
6930
6935
6938
6943
6947
6953
6957
6963
6969
6974
6978
6982
6988
6991
6994
6997
7000
7002
7005
7008
7010
7013
7016
7020
7023
7029
7036
7044
7050
7053
7056
7058
7061
7064
7068
7073
7078
7084
7091
7095
7098
7103
7110
7116
7126
7131
7137
7144
7154
7165
7178
7183
7188
7193
7197
7200
7203
7208
7213
7217
7222
7228
7234
7239
7245
7251
7258
7266
7273
7281
7287
7294
7301
7308
7313
7319
7326
7334
7342
7348
7355
7362
7369
7375
7380
7387
7398
7409
7415
7419
7424
7432
7443
7453
7472
7481
7492
7504
7512
7538
7544
7556
7570
7592
7600
7617
7641
7660
7669
7684
7691
7704
7714
7722
7738
7748
7762
7776
7789
7814
7834
7852
7861
7901
7914
7928
7941
7951
7964
7989
7995
8004
8014
8023
8032
8041
8048
8055
8063
8070
8075
8081
8088
8098
8104
8109
8114
8119
8126
8132
8137
8142
8147
8152
8158
8163
8167
8173
8181
8188
8197
8214
8234
8248
8258
8266
8272
8277
8283
8289
8294
8300
8307
8314
8320
8326
8332
8340
8349
8358
8367
8375
8383
8389
8392
8396
8400
8404
8407
8410
8415
8417
8419
8422
8426
8432
8437
8442
8446
8450
8457
8464
8470
8474
8481
8488
8495
8502
8505
8508
8510
8512
8513
8514
8516
8518
8519
8520
8521
8522
8523
8524
8526
8528
8529
8530
8531
8532
8533
8534
8536
8537
8538
8539
8540
8541
8542
8543
8544
8545
8546
8548
8549
8550
8553
8555
8556
8557
8558
8559
8560
8561
8563
8565
8568
8570
8572
8574
8577
8578
8580
8581
8583
8585
8587
8590
8593
8597
8600
8603
8607
8613
8620
8624
8629
8634
8643
8653
8659
8664
8670
8676
8681
8685
8689
8693
8698
8706
8715
8724
8731
8739
8745
8749
8752
8755
8758
8760
8762
8764
8767
8772
8778
8781
8783
8785
8790
8795
8802
8814
8830
8842
8852
8861
8869
8874
8879
8887
8895
8903
8915
8926
8934
8940
8947
8955
8964
8972
8978
8982
8987
8992
8997
9002
9008
9014
9018
9022
9027
9032
9036
9040
9044
9049
9052
9056
9062
9067
9072
9077
9081
9087
9094
9104
9111
9116
9121
9125
9129
9134
9140
9146
9151
9162
9170
9176
9184
9197
9206
9214
9220
9225
9231
9236
9244
9251
9258
9263
9268
9276
9286
9299
9311
9324
9332
9343
9352
9358
9365
9373
9382
9389
9394
9398
9404
9409
9414
9418
9423
9430
9440
9452
9466
9479
9491
9501
9511
9521
9532
9556
9575
9585
9595
9605
9613
9622
9633
9644
9655
9669
9681
9690
9700
9709
9717
