10
30
50
60
65
70
75
80
85
90
95
100
105
110
115
120
125
130
135
140
145
150
155
160
165
170
175
180
185
190
195
200
205
210
215
220
225
230
235
240
245
250
255
260
265
270
275
280
285
290
295
300
305
310
315
320
330
335
340
345
350
355
360
365
370
380
390
395
400
410
415
420
425
435
440
445
450
460
465
470
475
480
485
495
500
505
510
515
520
525
530
535
545
550
555
560
565
570
575
580
590
600
605
610
615
620
630
640
660
670
680
685
690
700
715
720
725
735
740
745
750
755
760
765
770
775
780
785
790
795
800
805
810
815
820
830
845
855
860
865
875
880
885
890
895
900
905
910
915
920
925
930
935
940
945
950
955
960
965
970
975
980
985
990
995
1000
1005
1010
1015
1020
1025
1030
1035
1040
1045
1050
1055
1060
1065
1070
1075
1080
1085
1090
1095
1110
1120
1125
1130
1145
1160
1190
1210
1225
1235
1245
1250
1255
1265
1275
1285
1295
1305
1310
1315
1320
1325
1330
1335
1340
1345
1350
1355
1360
1365
1370
1375
1380
1385
1390
1400
1405
1410
1415
1420
1425
1430
1435
1440
1445
1450
1455
1460
1465
1470
1475
1480
1490
1495
1500
1505
1510
1515
1520
1525
1530
1535
1540
1545
1550
1555
1565
1570
1585
1595
1605
1615
1625
1630
1640
1645
1655
1660
1665
1680
1685
1695
1700
1705
1710
1715
1725
1730
1740
1745
1750
1755
1760
1765
1770
1775
1780
1790
1795
1800
1810
1815
1820
1830
1840
1850
1860
1865
1870
1875
1880
1885
1895
1905
1915
1920
1930
1935
1940
1950
1955
1960
1970
1980
1990
1995
2005
2010
2015
2030
2040
2060
2075
2080
2090
2100
2110
2120
2125
2135
2145
2155
2165
2175
2180
2190
2205
2210
2220
2230
2240
2250
2260
2270
2275
2285
2295
2305
2320
2340
2355
2365
2370
2375
2380
2385
2390
2395
2400
2405
2410
2415
2420
2425
2430
2435
2440
2445
2450
2455
2460
2465
2470
2475
2480
2485
2490
2495
2500
2505
2510
2515
2520
2525
2530
2535
2540
2545
2550
2555
2560
2565
2570
2575
2580
2585
2590
2595
2600
2605
2610
2615
2620
2625
2630
2635
2640
2645
2650
2655
2660
2665
2670
2675
2685
2690
2700
2715
2720
2725
2730
2735
2745
2750
2755
2765
2770
2775
2780
2790
2805
2810
2820
2835
2840
2850
2860
2870
2880
2885
2890
2895
2900
2905
2910
2915
2920
2925
2930
2935
2940
2945
2950
2955
2960
2965
2970
2980
2995
3010
3025
3040
3060
3075
3090
3105
3115
3125
3135
3145
3160
3175
3185
3195
3210
3215
3230
3245
3260
3275
3285
3295
3305
3315
3325
3335
3350
3360
3370
3380
3390
3410
3435
3450
3465
3475
3495
3500
3505
3510
3515
3520
3525
3530
3535
3540
3545
3550
3555
3560
3565
3570
3575
3580
3585
3590
3595
3605
3610
3615
3620
3635
3645
3655
3670
3680
3685
3690
3695
3700
3705
3710
3725
3730
3735
3745
3750
3760
3780
3790
3805
3810
3815
3820
3830
3840
3845
3850
3855
3860
3865
3870
3875
3885
3900
3910
3915
3920
3925
3935
3940
3945
3955
3960
3965
3970
3975
3990
3995
4000
4005
4015
4020
4025
4030
4035
4045
4060
4070
4080
4090
4105
4110
4115
4120
4130
4135
4140
4145
4150
4160
4165
4170
4175
4180
4185
4190
4195
4200
4205
4210
4215
4220
4225
4230
4235
4240
4245
4250
4255
4260
4265
4270
4280
4285
4290
4295
4300
4305
4310
4315
4320
4325
4330
4335
4340
4345
4350
4355
4360
4365
4370
4375
4380
4385
4390
4395
4400
4405
4410
4415
4420
4425
4430
4435
4440
4445
4450
4455
4460
4465
4470
4475
4480
4485
4490
4495
4500
4505
4510
4515
4520
4525
4530
4535
4540
4545
4560
4565
4570
4575
4580
4585
4590
4595
4605
4615
4625
4640
4650
4655
4665
4675
4685
4690
4700
4705
4720
4730
4740
4745
4750
4755
4760
4765
4770
4775
4780
4785
4790
4795
4800
4810
4815
4820
4825
4830
4835
4845
4855
4860
4865
4875
4885
4890
4900
4905
4915
4920
4925
4930
4935
4940
4950
4955
4960
4965
4970
4975
4980
4985
4990
4995
5000
5005
5010
5015
5020
5025
5030
5035
5040
5045
5050
5060
5065
5070
5075
5080
5085
5095
5100
5105
5110
5115
5120
5125
5130
5140
5145
5150
5170
5195
5210
5225
5235
5240
5255
5270
5275
5280
5285
5290
5295
5300
5305
5310
5315
5320
5325
5330
5340
5350
5365
5370
5375
5380
5385
5390
5405
5420
5430
5440
5455
5490
5495
5515
5530
5545
5575
5600
5620
5635
5650
5670
5680
5690
5705
5715
5725
5740
5750
5760
5765
5770
5775
5780
5785
5790
5795
5800
5805
5810
5815
5820
5825
5830
5835
5840
5845
5850
5855
5860
5865
5870
5875
5880
5885
5890
5895
5900
5905
5910
5915
5920
5925
5930
5935
5940
5945
5950
5955
5960
5965
5970
5975
5980
5985
5990
5995
6000
6005
6010
6015
6020
6025
6030
6035
6040
6045
6050
6055
6060
6065
6070
6075
6080
6085
6090
6095
6100
6105
6110
6115
6120
6125
6130
6135
6140
6145
6150
6155
6160
6165
6170
6175
6180
6185
6195
6200
6205
6210
6215
6220
6225
6230
6235
6240
6245
6250
6255
6260
6265
6270
6275
6280
6285
6290
6295
6300
6305
6310
6315
6320
6325
6330
6335
6340
6350
6355
6370
6380
6390
6395
6400
6405
6410
6415
6420
6425
6430
6435
6440
6445
6450
6455
6460
6465
6470
6475
6480
6490
6495
6505
6515
6525
6530
6535
6540
6550
6555
6565
6570
6575
6580
6585
6590
6595
6600
6605
6610
6615
6620
6625
6630
6635
6640
6645
6650
6655
6660
6665
6670
6675
6680
6685
6690
6700
6705
6710
6715
6720
6725
6730
6735
6740
6745
6750
6755
6760
6765
6770
6775
6780
6785
6790
6795
6800
6805
6810
6815
6820
6825
6830
6835
6840
6845
6850
6855
6860
6865
6870
6875
6880
6885
6890
6895
6900
6905
6910
6915
6920
6925
6930
6935
6940
6945
6950
6955
6960
6965
6970
6975
6980
6985
6990
6995
7000
7005
7010
7015
7020
7025
7030
7035
7040
7045
7050
7055
7060
7065
7070
7075
7080
7085
7090
7095
7100
7105
7110
7120
7125
7130
7135
7140
7150
7155
7170
7175
7180
7185
7190
7195
7200
7205
7210
7215
7220
7225
7230
7235
7240
7245
7250
7255
7260
7265
7270
7275
7280
7285
7290
7300
7315
7325
7330
7335
7340
7345
7350
7355
7365
7370
7375
7380
7385
7390
7400
7405
7410
7415
7420
7425
7430
7440
7445
7455
7470
7480
7495
7505
7510
7525
7535
7545
7560
7570
7590
7600
7615
7630
7640
7650
7660
7670
7680
7690
7700
7705
7710
7715
7730
7740
7750
7760
7765
7770
7775
7780
7795
7800
7805
7815
7835
7855
7865
7885
7895
7905
7920
7930
7940
7950
7965
7980
8000
8010
8020
8030
8035
8045
8050
8055
8060
8070
8075
8080
8085
8090
8095
8100
8105
8110
8115
8120
8125
8130
8135
8140
8145
8150
8155
8160
8165
8170
8175
8180
8185
8190
8195
8210
8230
8245
8255
8260
8270
8275
8280
8285
8290
8295
8300
8305
8310
8315
8320
8325
8330
8335
8340
8345
8350
8355
8360
8365
8370
8375
8380
8390
8395
8400
8405
8410
8415
8420
8425
8430
8435
8440
8445
8450
8455
8460
8465
8470
8475
8480
8485
8490
8495
8505
8510
8515
8520
8525
8530
8535
8540
8545
8550
8555
8560
8565
8570
8575
8580
8585
8590
8595
8600
8605
8610
8615
8620
8625
8630
8635
8640
8645
8650
8655
8660
8665
8670
8675
8680
8685
8690
8695
8700
8705
8710
8715
8720
8725
8730
8735
8740
8745
8750
8755
8760
8765
8770
8775
8780
8785
8790
8795
8800
8805
8820
8835
8845
8850
8855
8860
8865
8870
8875
8880
8885
8890
8895
8900
8905
8910
8915
8925
8930
8935
8940
8945
8950
8955
8960
8965
8970
8975
8980
8985
8990
8995
9000
9005
9010
9015
9020
9025
9030
9035
9040
9045
9050
9055
9060
9065
9070
9075
9080
9085
9090
9095
9100
9110
9115
9120
9125
9130
9135
9140
9145
9150
9155
9160
9170
9180
9185
9195
9200
9205
9210
9215
9220
9225
9230
9235
9240
9245
9250
9255
9260
9265
9270
9275
9280
9285
9290
9295
9305
9320
9325
9330
9335
9340
9350
9355
9360
9365
9370
9375
9380
9385
9390
9395
9400
9405
9410
9415
9420
9425
9430
9440
9455
9460
9470
9485
9495
9505
9515
9520
9525
9535
9550
9570
9580
9585
9590
9595
9605
9615
9620
9635
9650
9660
9670
9680
9690
9695
9700
9705
9710
9715
