6
16
28
43
52
59
79
105
136
148
160
173
183
192
202
210
217
225
233
245
253
266
274
281
286
291
298
305
311
317
321
327
336
344
354
359
367
375
380
390
401
409
413
417
423
434
447
457
471
479
485
498
507
520
532
549
558
564
577
591
608
627
639
658
679
693
721
786
841
876
919
955
1005
1030
1046
1059
1069
1076
1095
1103
1123
1126
1131
1134
1138
1141
1148
1158
1173
1177
1181
1187
1218
1225
1233
1239
1245
1254
1260
1262
1268
1276
1284
1292
1297
1303
1311
1328
1343
1349
1356
1368
1384
1393
1401
1408
1413
1421
1429
1435
1441
1445
1449
1451
1455
1459
1463
1467
1472
1478
1484
1491
1494
1499
1506
1511
1515
1518
1520
1523
1529
1532
1535
1538
1541
1546
1554
1570
1580
1588
1597
1607
1619
1629
1635
1640
1654
1667
1674
1681
1691
1697
1702
1707
1711
1716
1720
1727
1734
1740
1746
1750
1754
1761
1771
1777
1780
1787
1797
1803
1809
1816
1819
1824
1827
1831
1834
1840
1842
1847
1853
1857
1860
1864
1867
1870
1873
1875
1878
1879
1883
1888
1894
1899
1905
1909
1912
1915
1921
1929
1938
1946
1956
1962
1968
1972
1977
1984
1992
1999
2004
2013
2024
2032
2038
2043
2050
2060
2067
2078
2087
2098
2103
2109
2115
2119
2126
2132
2134
2136
2138
2141
2143
2144
2146
2149
2152
2155
2158
2164
2168
2172
2176
2179
2182
2185
2190
2197
2211
2227
2234
2238
2242
2249
2254
2258
2267
2272
2278
2289
2304
2320
2330
2337
2344
2351
2357
2363
2367
2371
2375
2380
2385
2389
2392
2412
2434
2461
2485
2514
2536
2541
2555
2593
2620
2629
2639
2654
2666
2673
2688
2696
2704
2713
2722
2732
2810
2838
2866
2921
3093
