4
10
17
28
40
44
50
54
60
66
70
80
105
136
147
155
162
169
180
188
194
202
209
215
222
228
234
244
249
256
264
269
274
278
282
286
291
298
305
311
315
317
321
324
331
337
344
350
356
360
363
368
373
376
378
380
381
383
387
392
401
410
413
417
424
430
438
445
450
457
468
474
479
485
494
502
508
515
524
535
546
552
556
559
565
574
580
586
593
605
614
623
630
636
642
652
670
679
688
696
708
728
745
771
803
841
867
891
915
925
952
969
994
1015
1027
1034
1040
1048
1057
1063
1069
1073
1079
1089
1095
1103
1111
1114
1116
1120
1124
1126
1129
1132
1135
1138
1141
1143
1149
1155
1163
1173
1177
1181
1185
1188
1190
1193
1204
1208
1218
1225
1233
1238
1242
1246
1251
1257
1259
1262
1266
1268
1272
1279
1283
1286
1292
1297
1303
1309
1314
1328
1343
1349
1354
1358
1364
1375
1386
1394
1399
1403
1408
1413
1420
1424
1429
1434
1438
1442
1445
1448
1451
1455
1459
1462
1465
1469
1472
1477
1481
1484
1487
1490
1493
1495
1499
1505
1509
1512
1515
1517
1518
1520
1521
1522
1523
1526
1529
1532
1535
1538
1541
1543
1546
1554
1560
1569
1576
1582
1587
1593
1598
1606
1612
1618
1623
1629
1634
1638
1642
1645
1650
1658
1667
1673
1679
1684
1691
1697
1700
1704
1706
1708
1711
1714
1718
1721
1725
1729
1734
1740
1746
1750
1754
1759
1763
1768
1773
1777
1780
1785
1792
1798
1803
1809
1815
1817
1818
1820
1821
1822
1825
1828
1831
1832
1835
1837
1840
1841
1842
1844
1845
1848
1853
1855
1857
1858
1860
1861
1863
1865
1867
1870
1871
1872
1873
1874
1877
1878
1880
1882
1887
1890
1892
1895
1900
1905
1909
1912
1915
1918
1923
1929
1935
1940
1946
1952
1957
1963
1969
1973
1978
1983
1986
1992
1998
2003
2011
2017
2024
2031
2035
2039
2043
2047
2053
2058
2064
2069
2073
2078
2082
2089
2098
2103
2107
2111
2115
2119
2124
2129
2132
2134
2135
2137
2138
2141
2143
2144
2145
2146
2148
2150
2151
2153
2155
2158
2163
2166
2169
2173
2176
2179
2182
2185
2190
2198
2210
2227
2233
2236
2239
2240
2243
2247
2252
2254
2257
2260
2265
2269
2272
2278
2289
2298
2303
2313
2321
2330
2337
2343
2346
2351
2355
2361
2365
2368
2371
2375
2380
2385
2389
2396
2404
2411
2419
2428
2438
2452
2472
2485
2498
2516
2530
2536
2541
2547
2558
2583
2595
2620
2629
2635
2641
2649
2659
2666
2671
2676
2684
2691
2695
2700
2705
2710
2715
2721
2727
2736
2806
2827
2847
2867
2911
3027
3093
