4
13
24
30
35
54
66
77
84
93
100
105
125
135
144
147
152
156
161
164
166
169
173
179
184
196
204
210
222
230
237
251
261
269
276
290
304
315
321
328
339
353
366
370
373
380
391
399
404
409
412
415
419
420
422
425
428
434
437
442
455
475
482
486
493
505
520
528
541
552
564
586
625
632
639
647
658
663
667
675
682
686
688
695
702
710
722
742
751
753
757
765
775
788
795
801
812
817
827
846
863
874
885
896
910
918
925
936
940
948
954
971
978
989
993
997
1003
1004
1005
1006
1011
1020
1026
1031
1035
1038
1041
1044
1047
1050
1051
1055
1057
1059
1062
1063
1064
1066
1069
1070
1078
1083
1089
1095
1096
1100
1106
1112
1118
1122
1126
1130
1133
1139
1142
1146
1150
1155
1159
1166
1170
1171
1172
1176
1182
1185
1188
1191
1194
1197
1200
1203
1206
1209
1212
1218
1224
1228
1230
1231
1234
1238
1241
1244
1247
1255
1260
1264
1267
1270
1273
1279
1285
