0
10
15
20
25
30
35
40
45
55
65
70
75
85
90
100
105
115
120
125
130
140
145
150
155
160
165
170
175
180
185
190
195
200
205
210
215
230
235
240
245
250
255
260
265
275
280
290
300
310
315
320
325
340
355
360
365
370
375
380
385
390
395
400
405
410
415
420
425
430
435
440
445
455
475
480
485
490
495
500
505
525
535
545
550
555
575
585
595
605
625
635
645
655
660
665
670
680
685
690
695
700
705
710
725
745
750
755
760
770
775
785
790
800
805
810
815
820
825
830
840
855
870
885
900
905
910
915
920
930
935
940
945
955
960
980
985
990
995
1000
1005
1010
1020
1025
1030
1035
1040
1045
1050
1055
1060
1065
1070
1075
1080
1085
1090
1095
1100
1105
1110
1115
1120
1125
1130
1135
1140
1145
1150
1155
1160
1165
1170
1175
1180
1185
1190
1195
1200
1205
1210
1215
1220
1225
1230
1235
1240
1245
1255
1260
1265
1270
1275
