9
22
29
46
54
66
90
96
125
146
156
161
165
169
174
181
196
222
230
238
251
260
276
283
315
351
368
380
395
402
409
415
419
422
427
432
442
465
482
492
505
522
541
555
582
605
642
653
663
675
684
699
709
718
742
751
756
765
783
792
801
812
817
827
846
868
885
896
914
923
950
971
981
989
996
1004
1005
1011
1018
1027
1033
1037
1041
1044
1047
1049
1055
1059
1062
1063
1066
1070
1076
1083
1089
1098
1106
1112
1118
1123
1132
1133
1139
1141
1151
1159
1167
1170
1171
1178
1187
1191
1194
1197
1200
1203
1206
1210
1216
1224
1229
1231
1236
1241
1250
1260
1271
1279
