4
9
11
13
15
19
21
23
26
30
33
38
42
44
46
49
51
55
59
67
75
84
92
103
114
126
137
149
161
173
178
180
187
202
213
225
236
245
258
273
284
293
299
304
311
317
321
326
333
341
352
362
371
378
386
397
407
416
428
435
441
452
459
464
468
473
480
487
493
499
504
508
516
524
533
535
539
545
552
560
568
575
581
585
591
599
606
615
620
625
633
639
645
651
660
673
683
692
704
717
728
739
749
754
764
775
788
795
801
803
804
808
818
828
839
862
884
901
925
935
943
955
963
972
983
992
996
1001
1006
1010
1014
1016
1020
1027
1031
1033
1038
1046
1053
1062
1069
1075
1080
1083
1088
1096
1102
1110
1115
1122
1127
1133
1146
1161
1170
1182
1190
1203
1214
1226
1231
1238
1245
1256
1264
1270
1272
1275
1276
1277
1279
1280
1281
1283
1284
1288
1291
1294
1299
1306
1312
1320
1328
1333
1337
1345
1355
1361
1369
1380
1382
1384
1389
1394
1396
1397
1399
1403
1406
1413
1424
1432
1440
1443
1448
1460
1470
1474
1476
1479
1484
1489
1496
1501
1503
1510
1513
1520
1523
1524
1525
1527
1536
1542
1546
1548
1551
1554
1559
1566
1572
1574
1577
1582
1587
1591
1593
1598
1606
1613
1617
1623
1629
1632
1638
1648
1659
1670
1683
1691
1695
1701
1703
1705
1708
1711
1719
1725
1728
1729
1731
1736
1742
1748
1760
1769
1774
1779
1785
1789
1799
1804
1809
1817
1823
1827
1842
1852
1854
1858
1865
1869
1877
1883
1889
1908
1917
1927
1933
1940
1946
1950
1956
1961
1965
1973
1980
1986
1991
2008
2016
2023
2035
2047
2061
2071
2080
2091
2099
2111
2118
2132
2142
2151
2162
2171
2178
2187
2196
2204
2211
2218
2225
2235
2245
2255
2261
2267
2272
2275
2277
2279
2283
2286
2289
2292
2297
2301
2305
2308
2310
2312
2315
2321
2325
2330
2336
2340
2344
2351
2360
2369
2378
2385
2391
2398
2404
2410
2415
2421
2427
2434
2442
2449
2458
2465
2472
2482
2491
2499
2506
2515
2527
2535
2545
2556
2567
2578
2585
2591
2595
2598
2603
2609
2614
2621
2627
2632
2640
2645
2651
2656
2662
2667
2678
2686
2695
2703
2705
2709
2714
2718
2722
2724
2733
2743
2751
2760
2767
2772
2776
2785
2793
2799
2807
2816
2824
2828
2833
2840
2847
2855
2858
2866
2873
2879
2883
2894
2902
2909
2917
2922
2926
2934
2943
2952
2966
2974
2982
2990
2999
3008
3013
3017
3021
3026
3031
3033
3037
3040
3041
3044
3048
3052
3058
3061
3064
3068
3074
3081
3085
3088
3090
3092
3096
3099
3102
3109
3113
3119
3127
3137
3144
3153
3164
3175
3184
3188
3192
3195
3198
3205
3212
3219
3225
3230
3234
3239
3245
3251
3256
3261
3274
3280
3285
3293
3298
3306
3314
3321
3327
3334
3341
3348
3353
3360
3369
3378
3389
3404
3417
3426
3438
3443
3448
3453
3462
3470
3475
3480
3491
3499
3502
3504
3508
3514
3519
3525
3532
3541
3545
3549
3554
3563
3576
3582
3585
3588
3592
3596
3599
3605
3609
3617
3620
3627
3641
3645
3657
3664
3667
3670
3673
3679
3685
3689
3695
3705
3714
3720
3728
3735
3738
3741
3743
3744
3746
3750
3761
3773
3779
3788
3792
3799
3810
3815
3826
3846
3856
