4
11
13
17
23
27
31
37
43
46
50
54
58
69
83
106
123
138
153
169
178
183
197
212
225
237
256
270
282
293
299
306
316
323
340
356
371
381
391
404
416
428
441
452
466
473
480
488
496
504
508
524
533
545
552
561
569
581
594
604
610
621
631
645
659
674
690
710
723
739
747
758
770
781
794
807
821
839
865
925
939
953
967
983
995
1001
1006
1010
1014
1019
1027
1047
1057
1062
1067
1075
1079
1087
1104
1114
1122
1127
1133
1146
1158
1172
1179
1192
1208
1238
1246
1258
1271
1274
1276
1278
1280
1283
1288
1292
1301
1312
1323
1332
1337
1348
1356
1365
1379
1388
1393
1403
1405
1418
1436
1449
1460
1472
1473
1475
1476
1479
1492
1503
1511
1521
1524
1527
1540
1545
1548
1553
1558
1582
1589
1597
1611
1618
1626
1630
1636
1648
1659
1670
1683
1691
1698
1704
1709
1719
1726
1729
1732
1739
1749
1760
1768
1777
1785
1789
1799
1810
1819
1824
1828
1836
1850
1862
1870
1872
1891
1908
1920
1929
1938
1946
1956
1963
1973
1982
1989
2004
2023
2034
2041
2049
2063
2080
2096
2117
2132
2143
2154
2163
2174
2183
2193
2205
2216
2226
2240
2254
2262
2270
2274
2279
2285
2290
2297
2304
2309
2312
2315
2321
2327
2334
2343
2352
2360
2369
2378
2388
2399
2410
2418
2437
2448
2460
2469
2484
2497
2514
2528
2538
2552
2563
2576
2584
2593
2601
2609
2616
2630
2640
2647
2652
2657
2662
2670
2679
2689
2697
2704
2709
2714
2718
2726
2736
2749
2765
2772
2779
2791
2802
2811
2818
2825
2834
2841
2848
2855
2861
2870
2877
2883
2894
2902
2912
2922
2929
2943
2957
2971
2986
3004
3014
3024
3031
3034
3040
3045
3048
3052
3059
3067
3072
3081
3085
3088
3091
3098
3109
3116
3123
3133
3148
3161
3174
3185
3191
3197
3244
3251
3260
3271
3278
3300
3308
3318
3332
3346
3360
3372
3389
3404
3430
3446
3462
3481
3483
3492
3507
3516
3525
3532
3543
3550
3562
3579
3589
3598
3613
3632
3643
3657
3664
3668
3673
3682
3691
3705
3715
3726
3735
3738
3742
3749
3761
3770
3777
3786
3794
3810
3825
3846
3856
