0
10
15
20
25
30
35
40
45
50
55
60
65
80
90
95
105
115
120
130
135
145
150
160
170
180
190
195
210
220
230
240
250
255
265
275
280
285
290
300
305
310
315
320
325
330
335
345
350
360
365
375
380
385
395
405
420
430
435
440
445
455
460
465
470
475
480
485
490
495
500
505
510
515
520
525
530
535
540
545
555
560
565
570
575
580
585
595
600
610
615
620
625
630
635
640
650
660
675
680
690
710
720
730
740
750
755
760
765
775
780
790
795
805
810
815
825
840
850
860
875
900
920
930
935
940
950
965
970
975
985
995
1000
1005
1010
1015
1020
1025
1030
1035
1040
1050
1055
1060
1065
1070
1075
1080
1085
1090
1095
1105
1110
1115
1120
1125
1130
1135
1145
1160
1170
1180
1185
1200
1205
1230
1240
1245
1255
1265
1270
1275
1280
1285
1290
1295
1300
1310
1320
1325
1330
1335
1340
1345
1355
1365
1380
1385
1390
1395
1400
1405
1410
1420
1435
1440
1450
1455
1460
1465
1475
1480
1485
1490
1500
1505
1510
1520
1525
1530
1535
1545
1550
1555
1560
1565
1570
1575
1580
1585
1590
1595
1600
1605
1610
1615
1625
1630
1640
1650
1660
1670
1680
1690
1695
1700
1705
1710
1715
1725
1730
1735
1740
1745
1750
1755
1760
1770
1775
1780
1785
1790
1800
1810
1820
1825
1830
1835
1850
1855
1860
1870
1875
1880
1900
1905
1910
1920
1925
1930
1935
1940
1945
1950
1955
1960
1965
1970
1975
1980
1985
1990
1995
2005
2010
2015
2020
2025
2030
2040
2045
2060
2070
2080
2095
2110
2120
2125
2135
2145
2150
2155
2165
2170
2175
2180
2185
2190
2195
2200
2210
2215
2220
2225
2230
2245
2255
2260
2265
2270
2275
2280
2285
2290
2295
2300
2305
2310
2315
2320
2325
2330
2335
2340
2345
2350
2355
2360
2370
2375
2380
2385
2390
2395
2400
2405
2410
2415
2420
2430
2435
2440
2445
2455
2460
2465
2470
2475
2480
2490
2495
2505
2515
2525
2530
2535
2545
2550
2555
2560
2565
2575
2580
2585
2590
2595
2600
2605
2610
2615
2620
2625
2630
2635
2640
2645
2650
2655
2660
2665
2670
2675
2685
2690
2695
2700
2705
2710
2715
2720
2725
2730
2745
2750
2755
2765
2770
2775
2785
2790
2795
2800
2805
2810
2815
2820
2825
2830
2835
2840
2845
2850
2855
2860
2865
2870
2875
2880
2885
2895
2905
2910
2920
2925
2935
2945
2950
2965
2975
2980
2990
3000
3005
3010
3015
3020
3025
3030
3035
3040
3045
3050
3055
3060
3070
3075
3080
3085
3090
3095
3100
3105
3110
3115
3120
3130
3135
3145
3160
3170
3175
3180
3185
3190
3195
3200
3205
3210
3215
3220
3225
3230
3235
3245
3250
3255
3260
3265
3270
3275
3280
3285
3290
3295
3300
3305
3310
3315
3320
3325
3330
3340
3345
3350
3355
3360
3365
3375
3380
3390
3395
3405
3415
3420
3425
3440
3445
3450
3455
3465
3470
3475
3480
3485
3490
3500
3505
3510
3515
3520
3530
3535
3540
3545
3550
3555
3560
3575
3585
3590
3595
3600
3610
3615
3620
3625
3630
3640
3645
3655
3665
3670
3675
3685
3690
3695
3700
3710
3715
3720
3730
3735
3740
3745
3750
3755
3760
3765
3770
3775
3780
3790
3795
3805
3815
3830
3845
3850
3855
