13
26
35
40
46
52
58
66
73
78
82
85
88
91
94
97
101
105
113
122
130
138
146
154
162
171
180
187
197
204
211
216
222
231
246
251
257
263
269
274
286
292
317
320
447
598
619
623
629
641
651
656
662
670
676
684
692
703
717
726
733
740
747
753
758
765
774
782
796
805
812
818
825
856
873
896
911
918
925
965
977
1011
1101
1135
1171
1187
1190
1195
1202
1209
1216
1221
1225
1228
1232
1233
1235
1237
1239
1241
1243
1246
1249
1251
1254
1257
1260
1264
1271
1282
1285
1290
1294
1297
1300
1302
1304
1306
1307
1309
1313
1315
1316
1317
1318
1319
1320
1322
1326
1332
1339
1346
1354
1364
1376
1383
1387
1394
1414
1422
1423
1425
1428
1429
1431
1432
1434
1435
1441
1468
1480
1483
1490
1498
1505
1508
1517
1522
1530
1536
1540
1544
1549
1553
1557
1566
1575
1582
1592
1598
1601
1607
1611
1617
1637
1671
1694
1715
1732
1739
1744
1749
1757
1762
1769
1779
1788
1795
1802
1808
1811
1816
1823
1833
1853
1865
1873
1884
1895
1904
1911
1916
1925
1945
1959
1966
1970
1974
1979
1986
1990
1995
1999
2001
2004
2006
2008
2011
2014
2017
2020
2024
2031
2040
2103
2199
2216
2253
2281
2323
2326
2329
2333
2336
2340
2344
2350
2361
2367
2374
2380
2385
2388
2390
2396
2403
2408
2412
2417
2421
2426
2431
2433
2435
2436
2437
2439
2440
2441
2442
2444
2446
2448
2452
2457
2463
2467
2473
2480
2486
2490
2495
2499
2506
2520
2542
2553
2557
2561
2566
2570
2573
2577
2583
2591
2602
2616
2624
2629
2635
2641
2649
2653
2657
2661
2666
2670
2673
2677
2682
2690
2702
2715
2724
2735
2753
2762
2768
2772
2775
2780
2785
2795
2806
2813
2819
2825
2833
2840
2845
2848
2851
2856
2859
2864
2872
2880
2887
2893
2898
2903
2908
2915
2921
2926
2935
2946
2956
2973
2988
2998
3007
3013
3020
3030
3038
3049
3052
3055
3058
3060
3061
3064
3067
3072
3084
3100
3109
3125
3150
3160
3170
3178
3189
3197
3203
3210
3215
3220
3225
3230
3235
3242
3248
3266
3273
3278
3282
3286
3288
3292
3295
3299
3312
3324
3330
3333
3338
3347
3360
3375
3388
3391
3395
3402
3415
3435
3462
3470
3476
3481
3486
3503
3522
3550
3573
3591
3603
3617
3630
3643
3660
3681
3701
3712
3719
3723
3728
3745
3760
3770
3776
3782
3794
3813
3826
3837
3848
3868
3884
3895
3902
3918
3932
3943
3957
3966
3975
3985
3991
4000
4012
4022
4031
4038
4045
4054
4062
4070
4077
4083
4097
4115
4133
4174
4283
4315
4352
4397
4414
4426
4435
4451
4458
4517
4527
4533
4542
4548
4553
4556
4559
4563
4568
4576
4590
4603
4611
4618
4624
4630
4639
4652
4668
4691
4710
4722
4733
4738
4747
4766
4786
4800
4806
4815
4903
4959
