11
22
30
34
38
43
46
49
53
55
58
61
66
70
74
76
79
80
82
84
87
90
93
97
100
102
105
109
114
120
125
129
135
140
144
148
154
164
172
180
186
193
198
205
209
212
216
219
223
226
238
245
249
253
258
262
266
270
276
288
297
303
317
320
324
428
442
454
474
475
566
575
601
618
621
624
628
633
638
643
645
649
654
659
666
672
675
681
688
693
702
710
714
719
725
730
734
739
743
748
751
754
758
764
771
779
783
788
795
802
806
812
818
822
853
865
875
885
902
906
911
931
943
955
970
973
978
988
1010
1019
1035
1072
1101
1171
1186
1187
1189
1192
1197
1202
1206
1210
1214
1218
1221
1223
1226
1229
1230
1231
1232
1233
1234
1235
1236
1237
1239
1240
1241
1242
1243
1244
1245
1246
1247
1249
1250
1253
1255
1257
1259
1262
1264
1268
1272
1275
1277
1279
1282
1284
1287
1292
1294
1297
1299
1301
1302
1304
1305
1306
1307
1308
1310
1311
1312
1313
1315
1316
1317
1318
1319
1320
1321
1322
1323
1325
1327
1330
1334
1340
1344
1348
1354
1360
1367
1376
1382
1384
1387
1393
1400
1405
1409
1416
1420
1421
1422
1423
1425
1428
1429
1430
1431
1432
1433
1434
1435
1446
1468
1479
1482
1486
1490
1496
1501
1505
1510
1514
1517
1520
1524
1530
1536
1539
1541
1546
1548
1551
1554
1556
1559
1563
1569
1574
1578
1581
1585
1592
1597
1600
1602
1606
1609
1613
1617
1620
1633
1643
1671
1687
1705
1717
1732
1739
1744
1748
1751
1757
1760
1766
1769
1777
1784
1789
1792
1795
1798
1802
1805
1808
1810
1813
1815
1818
1823
1829
1838
1846
1852
1858
1865
1873
1884
1895
1905
1911
1916
1920
1929
1943
1954
1961
1966
1969
1973
1976
1982
1987
1990
1994
1997
1999
2001
2004
2006
2008
2010
2012
2015
2018
2022
2027
2032
2040
2091
2199
2203
2216
2280
2293
2324
2327
2331
2334
2337
2340
2341
2343
2347
2352
2358
2364
2369
2374
2379
2384
2385
2387
2388
2391
2393
2396
2402
2406
2408
2411
2415
2419
2423
2427
2430
2431
2433
2434
2435
2436
2437
2438
2439
2440
2441
2442
2443
2444
2445
2447
2449
2454
2458
2462
2463
2465
2468
2473
2480
2485
2489
2493
2497
2500
2506
2520
2531
2537
2544
2550
2553
2557
2561
2564
2568
2571
2574
2577
2580
2583
2587
2591
2598
2606
2611
2616
2621
2624
2627
2630
2635
2638
2642
2645
2649
2653
2657
2660
2663
2666
2669
2671
2673
2675
2678
2681
2684
2687
2692
2697
2705
2716
2722
2729
2737
2757
2762
2767
2770
2773
2776
2779
2781
2784
2787
2790
2795
2802
2809
2815
2819
2823
2828
2832
2835
2839
2843
2844
2847
2849
2852
2856
2859
2864
2872
2881
2886
2889
2892
2894
2897
2900
2902
2905
2907
2911
2914
2918
2921
2925
2929
2935
2944
2950
2959
2972
2984
2989
2994
3001
3007
3013
3020
3029
3034
3042
3048
3051
3054
3056
3057
3058
3060
3061
3062
3065
3067
3069
3072
3078
3086
3100
3108
3110
3117
3129
3149
3158
3164
3169
3174
3180
3188
3196
3201
3206
3209
3212
3216
3219
3223
3227
3231
3234
3237
3240
3244
3247
3251
3264
3270
3273
3277
3279
3280
3283
3286
3288
3292
3295
3298
3300
3302
3307
3314
3318
3321
3324
3327
3330
3333
3336
3340
3347
3360
3375
3387
3390
3392
3395
3398
3404
3410
3418
3435
3462
3469
3473
3477
3480
3484
3488
3499
3509
3522
3537
3544
3557
3570
3582
3592
3602
3610
3622
3628
3632
3641
3653
3664
3681
3701
3712
3719
3723
3727
3736
3751
3757
3765
3771
3776
3781
3786
3796
3809
3819
3824
3830
3836
3843
3850
3863
3873
3879
3895
3902
3917
3927
3933
3940
3949
3957
3964
3971
3979
3985
3989
3993
3997
4003
4009
4015
4022
4028
4032
4038
4043
4051
4059
4063
4067
4071
4076
4081
4088
4103
4111
4118
4128
4157
4174
4199
4295
4315
4361
4377
4397
4415
4435
4449
4460
4472
4492
4511
4517
4527
4532
4538
4544
4549
4553
4554
4556
4559
4563
4566
4570
4576
4590
4602
4610
4616
4619
4623
4628
4633
4640
4648
4655
4667
4679
4689
4702
4710
4717
4724
4733
4737
4745
4759
4772
4787
4800
4805
4810
4818
4849
4901
4959
