5
15
20
25
30
35
40
45
50
55
60
65
70
75
80
85
90
95
100
105
110
115
120
125
130
135
140
145
150
155
160
165
170
175
180
185
190
195
200
205
210
215
220
225
230
235
240
245
250
255
260
265
270
275
280
285
290
295
300
305
310
315
320
325
330
335
340
375
405
410
415
430
435
440
510
520
525
530
570
590
595
615
620
625
630
635
640
645
650
655
660
665
670
675
680
685
690
695
700
705
710
715
720
725
730
735
740
745
750
755
760
765
770
775
780
785
790
795
800
805
810
815
820
825
830
835
850
860
865
870
880
885
900
905
915
940
945
985
990
1010
1015
1030
1035
1040
1045
1050
1060
1100
1125
1130
1135
1165
1170
1175
1185
1190
1195
1200
1205
1210
1215
1220
1225
1230
1235
1240
1245
1250
1255
1260
1265
1270
1275
1280
1285
1290
1295
1300
1305
1310
1315
1320
1325
1330
1335
1340
1345
1350
1355
1360
1365
1370
1375
1380
1385
1390
1395
1400
1405
1410
1415
1420
1425
1430
1435
1450
1460
1470
1480
1485
1490
1495
1500
1505
1510
1515
1520
1525
1530
1535
1540
1545
1550
1555
1560
1565
1570
1575
1580
1585
1590
1595
1600
1605
1610
1615
1620
1625
1635
1645
1665
1675
1685
1695
1700
1705
1710
1720
1730
1735
1740
1745
1750
1755
1760
1765
1770
1775
1780
1785
1790
1795
1800
1805
1810
1815
1820
1825
1830
1840
1845
1850
1855
1860
1865
1870
1875
1880
1885
1890
1895
1900
1905
1910
1915
1920
1925
1930
1940
1950
1955
1960
1965
1970
1975
1980
1985
1990
1995
2000
2005
2010
2015
2020
2025
2030
2035
2040
2045
2050
2055
2060
2065
2070
2075
2080
2105
2120
2125
2180
2200
2205
2265
2290
2310
2325
2330
2335
2340
2345
2350
2355
2360
2365
2370
2375
2380
2385
2390
2395
2400
2405
2410
2415
2420
2425
2430
2435
2440
2445
2450
2455
2460
2465
2470
2475
2480
2485
2490
2495
2500
2505
2510
2515
2525
2530
2535
2540
2545
2550
2555
2560
2565
2570
2575
2580
2585
2590
2595
2600
2605
2610
2615
2620
2625
2630
2635
2640
2645
2650
2655
2660
2665
2670
2675
2680
2685
2690
2695
2700
2710
2715
2720
2725
2730
2735
2740
2755
2760
2765
2770
2775
2780
2785
2790
2795
2800
2805
2810
2815
2820
2825
2830
2835
2840
2845
2850
2855
2860
2865
2870
2875
2880
2885
2890
2895
2900
2905
2910
2915
2920
2925
2930
2935
2940
2945
2950
2955
2960
2970
2975
2980
2985
2990
2995
3000
3005
3010
3015
3020
3025
3030
3035
3040
3045
3050
3055
3060
3065
3070
3075
3080
3085
3090
3095
3100
3105
3110
3120
3130
3145
3155
3160
3165
3170
3175
3180
3185
3190
3195
3200
3205
3210
3215
3220
3225
3230
3235
3240
3245
3250
3255
3260
3270
3275
3280
3285
3290
3295
3300
3305
3310
3315
3320
3325
3330
3335
3340
3345
3350
3360
3365
3370
3375
3380
3385
3390
3395
3400
3405
3410
3415
3420
3425
3435
3455
3460
3465
3470
3475
3480
3485
3490
3495
3505
3510
3515
3525
3535
3540
3550
3555
3560
3570
3575
3580
3585
3590
3600
3605
3610
3615
3620
3625
3630
3640
3645
3650
3655
3660
3665
3675
3690
3700
3705
3710
3715
3720
3725
3730
3735
3740
3750
3755
3760
3765
3770
3775
3780
3785
3790
3795
3800
3805
3810
3815
3820
3825
3830
3835
3840
3845
3850
3855
3860
3870
3875
3880
3885
3890
3895
3900
3905
3915
3925
3930
3935
3940
3945
3950
3955
3960
3965
3970
3975
3980
3985
3990
3995
4000
4005
4010
4015
4020
4025
4030
4035
4040
4045
4050
4055
4060
4065
4070
4075
4080
4085
4090
4100
4105
4110
4115
4120
4130
4160
4170
4175
4200
4205
4220
4225
4235
4245
4250
4255
4300
4310
4315
4320
4335
4340
4350
4395
4400
4420
4430
4445
4450
4455
4465
4470
4475
4480
4490
4500
4505
4520
4525
4530
4535
4540
4545
4550
4555
4560
4565
4570
4575
4580
4585
4595
4600
4605
4610
4615
4620
4625
4630
4635
4640
4645
4650
4655
4660
4675
4680
4685
4690
4695
4705
4710
4715
4720
4725
4730
4735
4740
4745
4750
4755
4765
4775
4785
4790
4800
4805
4810
4815
4820
4825
4835
4860
4900
4930
4955
