5
32
60
309
642
944
999
1080
1082
1084
1085
1086
1090
1101
1105
1107
1108
1109
1110
1111
1112
1113
1114
1116
1119
1120
1122
1124
1126
1129
1134
1188
1556
1653
1654
1655
1656
1657
1658
1659
1660
1662
1663
1664
1665
1666
1667
1668
1669
1670
1671
1672
1673
1674
1675
1676
1677
1678
1679
1681
1682
1683
1685
1686
1687
1688
1689
1690
1692
1694
1702
1706
1707
1708
1710
1717
1722
1723
1727
1729
1730
1731
1737
1739
1742
1749
1750
1751
1755
1756
1761
1766
1768
1771
1773
1781
1782
1784
1786
1789
1791
1793
1799
1802
1804
1806
1808
1810
1812
1814
1815
1816
1817
1819
1820
1821
1823
1824
1825
1826
1828
1831
1832
1834
1836
1837
1838
1839
1843
1845
1848
1849
1850
1851
1852
1853
1855
1856
1857
1858
1859
1860
1861
1862
1863
1865
1867
1869
1871
1872
1873
1874
1875
1876
1877
1878
1881
1883
1885
1886
1888
1890
1891
1892
1893
1895
1897
1898
1899
1900
1901
1902
1903
1904
1905
1906
1907
1908
1909
1910
1912
1914
1915
1916
1917
1918
1919
1920
1921
1922
1923
1925
1927
1930
1931
1933
1936
1938
1940
1941
1942
1943
1944
1946
1950
1953
1957
1971
1992
2006
2027
2093
2347
2465
2566
2570
2571
2572
2573
2574
2575
2577
2578
2579
2580
2581
2582
2584
2588
2591
2592
2593
2594
2595
2596
2597
2598
2599
2601
2604
2606
2608
2609
2610
2612
2614
2615
2617
2619
2622
2624
2626
2628
2631
2634
2637
2717
2826
2939
3033
3322
3329
3333
3337
3338
3339
3340
3341
3343
3344
3345
3346
3348
3350
3351
3352
3353
3354
3355
3356
3358
3359
3360
3361
3362
3363
3364
3365
3366
3367
3368
3369
3370
3371
3372
3373
3374
3375
3376
3377
3378
3379
3380
3381
3382
3383
3384
3385
3386
3387
3389
3390
3391
3392
3394
3395
3396
3397
3409
3425
3446
3455
3470
3520
3559
3579
3592
3605
3615
3736
3793
3813
3826
3911
3939
3992
4139
4178
4204
4206
4209
4211
4213
4214
4215
4216
4217
4218
4219
4220
4221
4222
4224
4225
4226
4227
4228
4229
4230
4231
4232
4234
4236
4237
4238
4239
4240
4242
4243
4244
4246
4247
4248
4249
4250
4251
4252
4253
4254
4255
4256
4257
4258
4259
4260
4261
4262
4263
4264
4265
4266
4267
4268
4269
4270
4271
4272
4273
4274
4275
4276
4277
4278
4279
4280
4282
4285
4287
4290
4291
4292
4294
4295
4297
4298
4300
4306
4308
4312
4315
4318
4320
4324
4327
4329
4332
4335
4337
4338
4340
4341
4346
4350
4353
4362
4369
4373
4380
