5
20
60
209
287
297
410
553
642
720
727
770
874
1072
1078
1080
1082
1083
1084
1085
1086
1090
1091
1096
1103
1105
1106
1107
1108
1109
1110
1111
1112
1113
1114
1115
1116
1117
1118
1119
1120
1121
1122
1123
1124
1125
1126
1127
1128
1129
1132
1134
1309
1405
1414
1627
1647
1650
1653
1654
1655
1656
1657
1658
1659
1660
1661
1662
1663
1664
1665
1666
1667
1668
1669
1670
1671
1672
1673
1674
1675
1676
1677
1678
1679
1680
1681
1682
1683
1684
1685
1686
1687
1688
1689
1690
1692
1693
1695
1696
1698
1699
1700
1701
1702
1703
1704
1706
1707
1710
1711
1712
1713
1715
1716
1717
1718
1719
1720
1721
1722
1723
1725
1726
1728
1732
1733
1734
1735
1736
1738
1739
1740
1742
1744
1745
1747
1748
1750
1751
1754
1755
1756
1757
1758
1759
1760
1761
1762
1764
1765
1766
1767
1769
1770
1773
1774
1775
1776
1777
1778
1779
1781
1782
1783
1784
1786
1789
1790
1791
1793
1795
1796
1798
1799
1801
1802
1803
1804
1805
1806
1807
1808
1809
1810
1812
1813
1814
1815
1816
1817
1818
1819
1820
1821
1822
1823
1824
1825
1826
1827
1829
1830
1831
1832
1833
1834
1835
1836
1837
1838
1839
1840
1841
1842
1843
1844
1845
1846
1847
1848
1849
1850
1851
1852
1853
1854
1855
1856
1857
1858
1859
1860
1861
1862
1863
1864
1865
1867
1868
1869
1870
1871
1872
1873
1874
1875
1876
1877
1878
1879
1880
1881
1882
1883
1884
1885
1886
1887
1888
1890
1891
1892
1893
1894
1895
1896
1897
1898
1899
1900
1901
1902
1903
1904
1905
1906
1907
1908
1909
1910
1911
1912
1913
1914
1915
1916
1917
1918
1919
1920
1921
1922
1923
1924
1925
1926
1927
1928
1929
1930
1931
1932
1933
1934
1935
1936
1937
1938
1939
1940
1941
1942
1943
1944
1945
1947
1948
1951
1953
1954
1956
1958
1959
1971
1989
1995
2006
2027
2093
2195
2347
2434
2482
2534
2564
2566
2568
2570
2571
2572
2573
2574
2575
2576
2577
2578
2579
2580
2581
2582
2583
2584
2585
2587
2590
2591
2592
2593
2594
2595
2596
2597
2598
2599
2600
2601
2602
2603
2604
2605
2606
2607
2608
2609
2610
2611
2612
2613
2614
2615
2616
2617
2618
2619
2620
2622
2623
2625
2626
2627
2629
2631
2632
2633
2634
2635
2636
2637
2640
2647
2663
2719
2772
2780
2808
2857
2937
3009
3048
3158
3271
3313
3322
3324
3328
3330
3332
3334
3336
3337
3338
3339
3340
3341
3343
3344
3345
3346
3348
3349
3350
3351
3352
3353
3354
3355
3356
3357
3358
3359
3360
3361
3362
3363
3364
3365
3366
3367
3368
3369
3370
3371
3372
3373
3374
3375
3376
3377
3378
3379
3380
3381
3382
3383
3384
3385
3386
3387
3388
3389
3390
3391
3392
3394
3395
3396
3397
3401
3411
3425
3446
3455
3464
3472
3480
3505
3524
3563
3572
3578
3596
3602
3606
3615
3625
3662
3707
3733
3762
3779
3783
3840
3844
3869
3876
3932
3934
3954
3967
3973
4003
4022
4148
4153
4202
4203
4205
4206
4208
4209
4210
4211
4213
4214
4215
4216
4217
4218
4219
4220
4221
4222
4223
4224
4225
4226
4227
4228
4229
4230
4231
4232
4233
4234
4235
4236
4237
4238
4239
4240
4241
4242
4243
4244
4245
4246
4247
4248
4249
4250
4251
4252
4253
4254
4255
4256
4257
4258
4259
4260
4261
4262
4263
4264
4265
4266
4267
4268
4269
4270
4271
4272
4273
4274
4275
4276
4277
4278
4279
4280
4281
4282
4283
4284
4285
4287
4288
4289
4290
4291
4292
4293
4294
4295
4296
4297
4298
4299
4300
4301
4303
4305
4307
4309
4310
4311
4313
4316
4318
4320
4322
4323
4324
4325
4326
4327
4328
4329
4331
4332
4333
4334
4335
4336
4337
4338
4340
4341
4342
4346
4348
4350
4352
4357
4358
4360
4361
4362
4363
4365
4369
4373
4376
4377
4378
4380
