0
5
10
20
25
30
35
40
45
50
60
65
75
80
95
100
110
125
130
140
150
160
165
175
180
200
210
225
230
240
245
250
260
265
275
285
295
305
315
320
325
340
360
365
370
375
385
400
405
435
440
445
455
460
475
485
495
500
505
515
525
545
550
555
565
570
575
585
590
605
610
615
630
635
650
660
665
685
695
700
715
720
725
735
740
750
755
765
770
795
805
815
835
845
850
855
870
875
880
890
895
900
905
915
920
930
935
945
955
960
965
970
980
985
990
995
1000
1005
1010
1015
1020
1025
1035
1050
1060
1070
1075
1080
1085
1090
1095
1100
1105
1110
1115
1120
1125
1130
1135
1140
1145
1150
1155
1160
1165
1175
1180
1190
1195
1205
1215
1220
1225
1235
1240
1245
1250
1260
1265
1270
1280
1285
1290
1295
1310
1315
1325
1330
1340
1345
1350
1355
1360
1370
1375
1390
1395
1405
1410
1415
1425
1430
1435
1440
1445
1450
1460
1465
1470
1480
1490
1495
1500
1505
1515
1520
1525
1535
1540
1545
1550
1555
1560
1565
1570
1575
1580
1590
1595
1600
1605
1610
1615
1620
1625
1635
1645
1650
1655
1660
1665
1670
1675
1680
1685
1690
1695
1700
1705
1710
1715
1720
1725
1730
1735
1740
1745
1750
1755
1760
1765
1770
1775
1780
1785
1790
1795
1800
1805
1810
1815
1820
1825
1830
1835
1840
1845
1850
1855
1860
1865
1870
1875
1880
1885
1890
1895
1900
1905
1910
1915
1920
1925
1930
1935
1940
1945
1950
1955
1960
1965
1970
1975
1980
1985
1990
1995
2000
2005
2010
2015
2025
2030
2035
2040
2050
2055
2070
2075
2095
2100
2105
2130
2135
2150
2160
2165
2170
2180
2185
2195
2210
2215
2225
2235
2240
2260
2265
2275
2285
2295
2305
2315
2320
2325
2335
2345
2360
2365
2385
2400
2405
2410
2415
2420
2430
2435
2450
2465
2470
2490
2495
2515
2525
2530
2535
2540
2550
2555
2560
2565
2570
2575
2580
2585
2590
2595
2600
2605
2610
2615
2620
2625
2630
2635
2640
2645
2650
2655
2660
2665
2670
2675
2685
2695
2705
2715
2730
2735
2745
2755
2765
2775
2780
2785
2790
2800
2810
2820
2830
2840
2845
2855
2865
2880
2885
2890
2895
2905
2910
2915
2920
2935
2955
2965
2975
2980
2995
3005
3010
3015
3025
3030
3040
3050
3060
3070
3075
3090
3095
3100
3105
3115
3125
3130
3140
3150
3155
3175
3180
3185
3195
3200
3220
3230
3240
3245
3250
3255
3270
3275
3280
3285
3295
3300
3305
3310
3315
3320
3325
3330
3335
3340
3345
3350
3355
3360
3365
3370
3375
3380
3385
3390
3395
3400
3405
3410
3415
3420
3425
3430
3435
3440
3445
3450
3455
3460
3465
3470
3475
3480
3485
3490
3495
3500
3505
3515
3520
3525
3530
3535
3540
3545
3550
3555
3560
3565
3570
3575
3580
3585
3590
3595
3600
3605
3610
3615
3620
3625
3630
3635
3640
3645
3650
3655
3660
3665
3670
3675
3680
3685
3690
3695
3700
3705
3710
3715
3720
3725
3730
3735
3740
3745
3750
3755
3760
3765
3770
3775
3780
3785
3795
3800
3805
3810
3815
3820
3825
3830
3835
3840
3845
3850
3855
3860
3865
3870
3875
3880
3885
3890
3895
3900
3910
3915
3920
3925
3930
3935
3940
3945
3950
3955
3960
3965
3970
3975
3980
3985
3990
3995
4000
4005
4010
4015
4020
4025
4030
4035
4040
4045
4050
4055
4060
4065
4070
4075
4080
4085
4090
4095
4100
4105
4110
4115
4120
4125
4130
4135
4140
4145
4150
4155
4160
4165
4170
4175
4180
4185
4190
4195
4200
4205
4210
4215
4220
4225
4230
4235
4240
4245
4250
4255
4260
4265
4270
4275
4280
4285
4290
4295
4300
4305
4310
4315
4320
4325
4330
4335
4340
4345
4350
4355
4360
4365
4370
4375
