15
25
35
45
60
65
70
75
80
85
90
95
100
105
110
115
120
125
130
135
140
145
150
155
160
165
170
175
180
185
190
195
200
205
210
215
220
225
230
235
240
245
250
255
260
265
270
275
285
290
295
300
305
310
315
320
325
330
335
340
345
350
355
365
370
375
380
385
390
395
400
405
410
415
420
425
430
435
440
445
450
455
460
465
470
475
485
490
495
500
505
510
515
520
525
530
535
540
545
550
555
560
565
570
575
580
585
590
595
600
605
610
625
630
635
640
645
650
655
660
665
670
675
680
685
690
695
700
705
710
715
720
725
730
735
740
745
750
755
760
765
770
775
780
785
790
795
800
805
810
815
820
825
830
835
840
845
850
855
860
865
870
875
880
890
895
905
910
920
925
930
940
950
965
975
985
990
995
1000
1005
1010
1015
1020
1025
1030
1035
1040
1045
1050
1055
1060
1065
1070
1075
1080
1085
1090
1095
1100
1105
1110
1115
1120
1125
1130
1135
1140
1145
1150
1155
1160
1165
1170
1175
1180
1185
1195
1205
1210
1215
1225
1230
1235
1245
1255
1260
1265
1270
1275
1290
1300
1315
1320
1325
1335
1340
1350
1365
1380
1385
1395
1405
1410
1415
1420
1425
1430
1435
1440
1445
1450
1455
1460
1465
1470
1475
1480
1485
1490
1495
1500
1505
1510
1515
1520
1525
1530
1535
1540
1545
1550
1560
1565
1575
1580
1585
1590
1600
1605
1610
1615
1620
1625
1630
1640
1655
1665
1670
1675
1680
1685
1690
1695
1705
1710
1715
1720
1725
1730
1735
1740
1745
1750
1755
1760
1765
1770
1775
1780
1785
1790
1795
1800
1805
1810
1815
1820
1825
1830
1835
1840
1845
1850
1855
1860
1865
1870
1875
1880
1885
1890
1895
1905
1910
1915
1920
1925
1930
1935
1940
1945
1950
1955
1960
1965
1970
1975
1980
1985
1990
1995
2000
2005
2010
2015
2020
2030
2040
2045
2050
2055
2060
2065
2070
2075
2080
2085
2090
2095
2100
2105
2110
2115
2120
2125
2130
2140
2155
2170
2175
2180
2190
2195
2205
2215
2225
2230
2235
2240
2245
2250
2255
2260
2265
2270
2275
2280
2285
2290
2295
2300
2305
2310
2315
2320
2325
2330
2335
2340
2345
2350
2355
2360
2370
2375
2380
2385
2390
2395
2400
2405
2410
2425
2435
2440
2445
2455
2460
2465
2470
2475
2485
2495
2500
2510
2515
2520
2525
2530
2535
2545
2550
2565
2580
2585
2595
2610
2620
2635
2650
2665
2670
2675
2680
2695
2700
2705
2715
2720
2725
2730
2735
2740
2745
2750
2760
2770
2780
2795
2800
2815
2820
2825
2830
2835
2845
2855
2860
2865
2870
2880
2885
2890
2895
2905
2910
2915
2925
2940
2950
2955
2960
2965
2970
2980
2985
2990
2995
3000
3005
3010
3015
3020
3025
3030
3035
3040
3045
3050
3055
3060
3065
3075
3080
3090
3095
3110
3115
3120
3125
3140
3145
3160
3175
3185
3195
3200
3210
3220
3230
3240
3250
3265
3275
3280
3285
3295
3305
3315
3325
3330
3335
3345
3355
3370
3380
3385
3390
3400
3410
3415
3430
3440
3455
3465
3475
3480
3495
3505
3510
3515
3525
3530
3535
3540
3545
3555
3565
3580
3585
3595
3605
3620
3625
3630
3635
3640
3645
3650
3660
3675
3690
3700
3710
3715
3720
3730
3745
3755
3760
3765
3770
3780
3790
3795
3800
3805
3810
3815
3820
3830
3835
3840
3845
3855
3865
3870
3875
3885
3895
3900
3910
3915
3920
3925
3930
3940
3945
3955
3965
3970
3980
3990
4005
4010
4025
4035
4040
4050
4060
4070
4075
4080
4085
4095
4105
4115
4120
4125
4130
4135
4140
4145
4150
4155
4160
4165
4170
4175
4180
4185
4195
4205
4220
4235
4245
4265
4285
4295
4300
4310
4315
4320
4325
4330
4335
4340
4345
4350
4355
4360
4365
4370
4375
4385
4390
4395
4400
4410
4420
4430
4435
4440
4445
4450
4460
4465
4470
4475
4485
4495
4510
4520
4530
4550
4565
4590
4610
4630
4635
4650
4655
4665
4670
4680
4685
4695
4700
4705
4715
4725
4730
4735
4740
4745
4750
4755
4760
4765
4770
4775
4780
4785
4790
4795
4800
4805
4810
4815
4820
4825
4830
4835
4840
4850
4855
4865
4875
4880
4885
4890
4905
4910
4915
4920
4925
4930
4935
4940
4945
4955
4960
4965
4970
4975
4980
4985
4990
5000
5010
5025
5040
5050
5065
5080
5100
5105
5120
5140
5155
5160
5170
5175
5190
5195
5200
5205
5210
5215
5225
5235
5245
5250
5255
5260
5270
5285
5290
5295
5300
5305
5315
5320
5325
5330
5335
5345
5350
5360
5370
5375
5385
5390
5395
5400
5405
5410
5420
5425
5430
5440
5445
5450
5455
5460
5465
5470
5480
5485
5490
5495
5505
5510
5515
5520
5525
5530
5535
5540
5545
5550
5555
5560
5575
5590
5600
5605
5620
5630
5640
5650
5655
5660
5670
5680
5690
5705
5730
5740
5755
5770
5780
5785
5805
5815
5820
5825
5830
5835
5840
5850
5855
5860
5865
5870
5875
5880
5885
5890
5900
5915
5930
5940
5955
5965
5975
5985
5990
6000
6010
6015
6025
6030
6035
6040
6050
6055
6060
6065
6070
6075
6080
6085
6090
6095
6100
6105
6110
6115
6120
6125
6130
6135
6140
6145
6150
6155
6160
6165
6170
6175
6180
6185
6190
6195
6200
6205
6210
6215
6220
6225
6230
6235
6240
6245
6250
6255
6260
6265
6270
6275
6280
6285
6295
6300
6305
6310
6315
6320
6325
6330
6335
6340
6345
6350
6355
6360
6365
6370
6375
6380
6385
6390
6395
6400
6405
6410
6420
6425
6430
6435
6440
6445
6450
6455
6460
6465
6470
6475
6480
6485
6490
6495
6500
6505
6510
6520
6525
6530
6535
6540
6545
6550
6555
6560
6565
6570
6575
6580
6585
6590
6605
6610
6620
6645
6660
6670
6675
6685
6695
6700
6705
6710
6720
6730
6740
6750
6760
6770
6775
6785
6790
6795
6800
6810
6820
6830
6835
6850
6860
6865
6875
6890
6905
6915
6930
6940
6950
6955
6960
6975
7000
7010
7015
7030
7040
7050
7065
7070
7075
7080
7085
7095
7100
7110
7120
7125
7130
7135
7140
7145
7150
7155
7160
7165
7170
7175
7180
7185
7190
7195
7200
7205
7210
7215
7220
7225
7230
7240
7245
7250
7260
7270
7280
7285
7290
7300
7310
7325
7340
7355
7365
7375
7385
7390
7410
7415
7425
7440
7455
7470
7495
7510
7525
7535
7540
7545
7555
7560
7570
7580
7585
7590
7595
7600
7605
7610
7615
7625
7635
7645
7650
7655
7660
7665
7670
7675
7685
7690
7695
7700
7710
7715
7720
7730
7735
7740
7745
7750
7755
7760
7765
7770
7775
7780
7785
7790
7795
7800
7805
7810
7815
7820
7825
7830
7835
7840
7845
7850
7855
7865
7870
7875
7880
7885
7890
7895
7900
7910
7915
7920
7925
7935
7950
7960
7965
7970
7975
7980
7985
7990
8000
8005
8010
8020
8035
8050
8055
8060
8065
8070
8075
8080
8085
8090
8095
8100
8105
8110
8115
8120
8125
8130
8135
8140
8145
8150
8155
8160
8165
8170
8175
8180
8185
8190
8195
8200
8205
8210
8215
8220
8225
8230
8235
8240
8245
8250
8255
8260
8265
8270
8275
8280
8285
8290
8295
8305
8315
8320
8330
8335
8340
8345
8350
8355
8360
8365
8370
8375
8380
8385
8390
8395
8400
8410
8420
8435
8450
8460
8465
8470
8475
8480
8485
8490
8495
8500
8505
8515
8525
8535
8540
8545
8550
8555
8560
8565
8570
8575
8580
8585
8590
8595
8600
8605
8610
8615
8620
8625
8630
8635
8640
8645
8650
8655
8660
8665
8670
8675
8680
8685
8690
8695
8700
8705
8710
8715
8725
8735
8740
8755
8770
8785
8790
8795
8800
8805
8810
8815
8820
8825
8830
8835
8840
8845
8850
8855
8860
8865
8870
8875
8880
8885
8890
8895
8900
8905
8910
8915
8920
8925
8930
8935
8940
8945
8950
8955
8960
8965
8970
8975
8980
8985
8990
8995
9000
9005
9010
9020
9030
9040
9050
9055
9065
9070
9080
9095
9100
9105
9110
9115
9120
9125
9130
9135
9140
9145
9150
9155
9160
9165
9170
9175
9180
9185
9190
9195
9200
9205
9210
9215
9220
9225
9230
9235
9240
9245
9250
9255
9260
9270
9275
9280
9285
9290
9295
9305
9310
9315
9320
9325
9330
9335
9340
9345
9350
9355
9360
9365
9370
9375
9380
9385
9390
9395
9400
9405
9410
9415
9420
9425
9430
9435
9440
9445
9455
9460
9465
9470
9480
9485
9490
9495
9500
9505
9515
9520
9525
9530
9535
9540
9545
9550
9555
9565
9570
9580
9590
9625
9650
