14
30
47
64
73
85
98
105
117
122
130
137
144
150
157
164
172
180
185
191
200
209
218
231
240
247
253
261
271
283
293
301
308
316
324
331
337
343
349
356
367
377
381
384
388
391
394
397
401
405
410
415
421
428
436
443
448
451
456
464
470
476
482
494
499
503
508
513
519
527
535
543
553
563
576
585
593
601
611
618
633
637
639
640
644
649
655
658
662
666
669
673
677
681
688
695
700
706
715
722
727
731
734
739
744
750
754
757
761
766
773
782
792
796
799
802
806
808
811
813
817
822
826
830
833
836
841
845
848
851
854
858
867
875
886
902
917
933
951
969
989
1002
1011
1018
1024
1032
1043
1048
1052
1056
1063
1070
1076
1084
1092
1099
1106
1112
1118
1124
1130
1136
1142
1148
1156
1161
1164
1169
1177
1190
1205
1221
1230
1243
1260
1269
1285
1308
1320
1330
1338
1350
1372
1385
1397
1412
1423
1431
1441
1449
1454
1463
1472
1479
1484
1490
1499
1507
1516
1522
1528
1536
1543
1557
1564
1570
1583
1598
1607
1617
1624
1637
1664
1670
1676
1684
1697
1707
1718
1728
1739
1750
1757
1763
1769
1777
1786
1791
1797
1804
1811
1817
1821
1824
1827
1830
1835
1839
1843
1848
1851
1855
1858
1863
1869
1878
1885
1890
1895
1906
1921
1929
1936
1947
1953
1960
1968
1975
1984
1991
1996
2004
2016
2028
2049
2060
2070
2077
2087
2095
2104
2110
2116
2121
2128
2140
2152
2171
2184
2198
2213
2226
2231
2237
2245
2251
2254
2262
2271
2276
2280
2283
2289
2300
2308
2315
2322
2331
2342
2352
2363
2376
2385
2395
2404
2411
2428
2441
2451
2463
2474
2490
2502
2515
2525
2534
2567
2605
2641
2665
2673
2683
2696
2706
2718
2725
2732
2742
2753
2766
2782
2799
2815
2826
2837
2855
2864
2873
2885
2896
2906
2914
2923
2936
2948
2954
2961
2972
2982
2990
2999
3012
3026
3037
3047
3055
3061
3075
3092
3110
3118
3128
3141
3153
3171
3185
3197
3206
3217
3230
3245
3263
3277
3287
3301
3315
3326
3338
3351
3369
3382
3393
3407
3422
3438
3455
3468
3495
3519
3529
3540
3560
3579
3589
3616
3632
3642
3665
3684
3708
3718
3732
3748
3760
3768
3777
3788
3796
3806
3814
3822
3832
3845
3856
3869
3881
3897
3907
3919
3935
3947
3968
3988
4008
4026
4039
4059
4074
4088
4104
4116
4124
4130
4138
4146
4152
4160
4170
4183
4195
4208
4221
4233
4243
4253
4269
4284
4297
4308
4318
4329
4339
4347
4353
4360
4369
4379
4390
4399
4410
4424
4436
4447
4462
4474
4493
4508
4532
4554
4569
4591
4618
4643
4657
4676
4691
4701
4710
4724
4733
4739
4745
4751
4757
4764
4769
4776
4780
4783
4787
4794
4802
4811
4820
4826
4833
4841
4852
4864
4874
4882
4894
4903
4913
4921
4928
4937
4952
4963
4972
4981
4993
5019
5032
5044
5061
5092
5122
5145
5161
5180
5199
5209
5220
5241
5250
5257
5261
5271
5280
5295
5312
5324
5334
5351
5363
5378
5387
5395
5404
5416
5434
5444
5453
5464
5480
5488
5500
5511
5522
5530
5539
5550
5559
5577
5599
5618
5641
5659
5672
5690
5723
5748
5770
5784
5797
5814
5827
5841
5858
5869
5879
5889
5905
5920
5933
5948
5965
5981
5999
6016
6030
6042
6057
6066
6073
6081
6089
6098
6105
6112
6121
6131
6138
6145
6150
6154
6159
6163
6168
6174
6178
6184
6189
6194
6200
6206
6214
6222
6230
6235
6240
6244
6249
6256
6265
6275
6283
6296
6301
6307
6313
6319
6325
6330
6336
6342
6345
6349
6356
6362
6369
6373
6376
6381
6387
6394
6403
6416
6425
6436
6444
6453
6461
6467
6476
6481
6486
6492
6498
6506
6517
6528
6535
6541
6549
6558
6566
6573
6582
6593
6608
6620
6646
6677
6693
6702
6715
6727
6741
6759
6772
6783
6793
6803
6816
6828
6840
6853
6868
6884
6901
6917
6934
6947
6959
6979
7002
7017
7028
7048
7064
7075
7089
7111
7126
7133
7142
7149
7158
7167
7174
7182
7189
7196
7201
7207
7213
7219
7227
7240
7254
7262
7271
7283
7297
7315
7340
7366
7380
7392
7424
7440
7474
7497
7519
7541
7550
7568
7582
7588
7593
7598
7609
7622
7644
7649
7657
7666
7678
7692
7705
7715
7725
7738
7745
7750
7754
7762
7777
7789
7801
7816
7829
7834
7843
7854
7869
7877
7887
7896
7905
7912
7929
7946
7963
7971
7980
7989
8002
8017
8044
8058
8068
8080
8089
8097
8104
8111
8120
8129
8139
8147
8157
8165
8172
8180
8190
8201
8209
8215
8221
8225
8227
8232
8238
8241
8244
8247
8251
8257
8264
8270
8275
8281
8286
8296
8312
8325
8335
8338
8342
8346
8352
8359
8368
8373
8378
8384
8395
8418
8436
8455
8466
8472
8481
8493
8506
8530
8541
8548
8554
8560
8565
8571
8575
8580
8584
8588
8592
8598
8604
8611
8621
8629
8634
8641
8648
8656
8662
8667
8671
8680
8688
8696
8705
8713
8729
8741
8761
8778
8793
8798
8802
8806
8812
8815
8820
8826
8835
8840
8844
8847
8850
8852
8855
8859
8862
8867
8873
8880
8889
8897
8904
8913
8921
8928
8937
8945
8954
8963
8971
8979
8985
8990
8996
9003
9013
9028
9045
9061
9076
9090
9102
9114
9125
9134
9143
9150
9156
9161
9166
9171
9177
9181
9187
9194
9201
9206
9209
9214
9219
9225
9232
9237
9246
9252
9263
9274
9283
9291
9302
9314
9322
9328
9334
9338
9343
9353
9360
9363
9368
9378
9388
9397
9403
9407
9416
9424
9438
9449
9456
9470
9489
9495
9504
9516
9525
9530
9538
9548
9560
9567
9573
9580
9590
9641
