4
12
24
34
47
59
70
88
100
109
120
128
134
143
156
163
169
176
186
201
208
217
225
235
244
258
278
288
296
304
311
315
319
326
331
341
350
359
368
374
378
386
396
406
415
420
424
428
432
440
446
455
460
465
471
481
487
493
500
505
511
517
526
533
543
551
561
567
575
582
591
602
609
622
626
635
640
649
658
662
667
671
680
685
691
696
700
704
707
719
725
731
737
740
746
753
762
775
783
790
805
822
831
837
844
851
859
868
875
883
896
905
914
921
927
932
938
943
949
955
966
973
980
989
997
1004
1017
1029
1040
1057
1067
1072
1077
1082
1088
1102
1111
1120
1125
1132
1137
1144
1152
1159
1166
1173
1181
1185
1189
1202
1205
1209
1213
1217
1220
1222
1226
1228
1231
1235
1238
1242
1248
1251
1256
1260
1264
1272
1277
1281
1285
1289
1293
1298
1303
1308
1315
1323
1330
1335
1339
1346
1355
1372
1388
1407
1421
1433
1447
1457
1466
1476
1485
1492
1504
1510
1517
1529
1535
1540
1548
1566
1577
1580
1583
1587
1594
1606
1613
1621
1625
1629
1634
1638
1641
1645
1648
1654
1660
1663
1670
1676
1678
1687
1693
1699
1706
1712
1717
1722
1724
1727
1730
1735
1738
1740
1742
1744
1746
1750
1752
1754
1757
1761
1766
1769
1772
1775
1779
1784
1789
1794
1798
1803
1810
1815
1821
1827
1834
1840
1851
1864
1876
1888
1896
1904
1911
1922
1926
1932
1938
1944
1954
1966
1975
1981
1987
1994
2001
2005
2009
2012
2015
2019
2025
2033
2043
2052
2060
2064
2067
2072
2076
2082
2088
2095
2102
2110
2128
2131
2133
2136
2138
2141
2144
2147
2149
2152
2154
2157
2160
2161
2163
2165
2167
2169
2173
2174
2175
2179
2183
2184
2185
2187
2192
2194
2198
2202
2206
2208
2212
2214
2219
