0
5
10
20
35
50
60
70
85
95
105
110
115
130
140
150
160
170
175
185
200
205
215
220
230
240
255
265
275
285
295
300
310
315
320
325
335
340
345
350
355
360
370
375
380
385
390
395
400
405
410
415
420
425
430
435
445
450
460
465
475
480
485
490
500
505
510
515
520
525
530
540
545
550
560
565
570
575
585
590
600
605
615
620
625
635
640
645
650
660
665
670
680
685
690
695
700
705
710
715
720
725
730
735
740
745
750
755
765
770
780
785
790
805
825
830
835
840
845
850
855
860
865
875
890
900
910
915
920
925
930
935
940
945
950
955
960
970
975
985
990
1000
1010
1020
1030
1040
1060
1065
1075
1080
1085
1090
1100
1110
1120
1125
1135
1140
1150
1155
1160
1165
1170
1175
1180
1185
1190
1195
1200
1205
1210
1215
1220
1225
1230
1235
1240
1245
1250
1255
1260
1265
1270
1275
1280
1285
1290
1295
1300
1305
1310
1315
1320
1325
1330
1335
1340
1345
1350
1360
1365
1375
1380
1395
1410
1420
1430
1445
1460
1465
1475
1485
1490
1500
1505
1510
1515
1525
1535
1540
1545
1560
1575
1580
1585
1590
1595
1600
1605
1610
1615
1620
1625
1630
1635
1640
1645
1650
1655
1660
1670
1675
1680
1685
1700
1705
1710
1715
1720
1725
1730
1735
1740
1745
1750
1755
1760
1765
1770
1775
1780
1785
1790
1795
1800
1805
1810
1815
1820
1825
1830
1835
1840
1850
1865
1885
1890
1895
1900
1905
1915
1920
1925
1930
1940
1950
1965
1970
1975
1980
1985
1990
1995
2000
2005
2010
2015
2020
2025
2030
2040
2045
2055
2060
2065
2070
2075
2080
2085
2090
2095
2100
2105
2115
2125
2130
2135
2140
2145
2150
2155
2160
2165
2170
2175
2180
2185
2190
2195
2200
2205
2210
2215
