4
18
40
58
70
92
104
122
137
156
167
176
187
200
211
224
238
256
278
293
304
311
319
331
346
357
368
378
391
401
408
418
425
439
457
468
476
490
501
512
522
532
543
556
575
587
601
609
622
626
644
651
659
685
701
712
719
728
738
745
753
763
776
786
805
831
841
850
859
872
890
905
915
925
934
943
952
966
973
981
994
1008
1024
1038
1056
1067
1076
1084
1094
1115
1129
1140
1157
1165
1173
1181
1195
1207
1214
1217
1222
1227
1230
1234
1239
1248
1252
1259
1264
1277
1286
1292
1300
1310
1319
1327
1334
1340
1346
1355
1367
1375
1388
1419
1441
1461
1477
1491
1505
1526
1540
1551
1566
1580
1585
1592
1607
1616
1623
1630
1637
1642
1648
1655
1665
1684
1698
1706
1714
1720
1725
1727
1730
1735
1738
1741
1745
1749
1752
1755
1761
1766
1770
1776
1782
1788
1796
1804
1813
1819
1826
1832
1840
1853
1869
1884
1893
1902
1909
1923
1933
1947
1976
1983
1989
1996
2002
2007
2012
2019
2027
2043
2059
2064
2068
2073
2081
2089
2097
2110
2124
2132
2138
2142
2145
2149
2151
2155
2158
2162
2166
2169
2172
2179
2183
2185
2188
2195
2203
2210
2217
2219
