0
5
10
15
20
25
30
35
45
50
55
60
65
70
75
80
90
95
100
105
110
120
125
130
135
145
155
165
175
195
210
235
240
265
285
290
305
315
325
335
350
365
375
380
390
405
410
420
430
440
445
450
455
470
475
480
485
490
495
500
505
510
515
520
525
530
535
540
545
550
555
560
565
570
575
580
590
595
600
605
610
615
620
625
630
635
640
645
650
655
660
665
670
675
680
685
690
695
700
705
710
715
720
725
730
740
745
750
755
765
770
780
785
790
795
800
805
815
820
825
835
840
850
855
865
880
885
895
905
915
920
925
930
940
945
950
955
960
965
970
980
990
1000
1010
1020
1030
1040
1055
1065
1070
1075
1080
1085
1090
1095
1100
1105
1110
1115
1120
1125
1130
1135
1140
1145
1150
1155
1160
1165
1170
1175
1180
1185
1190
1195
1200
1205
1210
1215
1220
1225
1230
1235
1240
1245
1250
1255
1260
1265
1270
1275
1280
1285
1290
1295
1300
1305
1310
1315
1330
1335
1340
1345
1350
1360
1365
1385
1400
1410
1430
1440
1450
1460
1475
1495
1500
1510
1520
1525
1530
1545
1550
1555
1560
1570
1575
1580
1585
1590
1595
1600
1605
1615
1620
1625
1630
1635
1640
1645
1650
1655
1660
1665
1670
1675
1680
1685
1690
1695
1700
1705
1710
1715
1720
1725
1730
1735
1740
1745
1750
1755
1760
1765
1770
1780
1790
1800
1805
1810
1820
1835
1850
1855
1860
1865
1870
1880
1890
1905
1915
1925
1935
1945
1955
1960
1965
1975
1985
1990
1995
2000
2005
2010
2015
2020
2025
2030
2035
2040
2045
2055
2060
2065
2070
2075
2080
2085
2090
2095
2100
2105
2110
2115
2125
2130
2135
2140
2145
2150
2155
2160
2165
2170
2175
2180
2185
2190
2195
2200
2205
2210
2215
2220
