0
7
14
21
28
35
42
49
56
63
70
77
84
91
98
105
112
119
126
133
140
147
154
161
168
175
182
189
196
203
210
217
224
231
238
245
252
259
266
273
280
287
294
301
308
315
322
329
336
343
350
357
364
371
378
385
392
399
406
413
420
427
434
441
448
455
462
469
476
483
490
497
504
511
518
525
532
539
546
553
560
567
574
581
588
595
602
609
616
623
630
637
644
651
658
665
672
679
686
693
700
707
714
721
728
735
742
749
756
763
770
777
784
791
798
805
812
819
826
833
840
847
854
861
868
875
882
889
896
903
910
917
924
931
938
945
952
959
966
973
980
987
994
1001
1008
1015
1022
1029
1036
1043
1050
1057
1064
1071
1078
1085
1092
1099
1106
1113
1120
1127
1134
1141
1148
1155
1162
1169
1176
1183
1190
1197
1204
1211
1218
1225
1232
1239
1246
1253
1260
1267
1274
1281
1288
1295
1302
1309
1316
1323
1330
1337
1344
1351
1358
1365
1372
1379
1386
1393
1400
1407
1414
1421
1428
1435
1442
1449
1456
1463
1470
1477
1484
1491
1498
1505
1512
1519
1526
1533
1540
1547
1554
1561
1568
1575
1582
1589
1596
1603
1610
1617
1624
1631
1638
1645
1652
1659
1666
1673
1680
1687
1694
1701
1708
1715
1722
1729
1736
1743
1750
1757
1764
1771
1778
1785
1792
1799
1806
1813
1820
1827
1834
1841
1848
1855
1862
1869
1876
1883
1890
1897
1904
1911
1918
1925
1932
1939
1946
1953
1960
1967
1974
1981
1988
1995
2002
2009
2016
2023
2030
2037
2044
2051
2058
2065
2072
2079
2086
2093
2100
2107
2114
2121
2128
2135
2142
2149
2156
2163
2170
2177
2184
2191
2198
2205
2212
2219
