0
9
23
39
59
81
96
105
111
120
131
142
152
163
175
189
205
233
254
275
297
321
337
355
366
377
395
413
433
450
470
490
506
521
531
541
552
564
578
592
603
613
626
640
646
654
663
670
685
691
699
711
726
740
757
773
791
812
830
838
848
865
871
877
883
889
894
901
907
914
927
936
942
946
951
959
966
972
984
1004
1011
1018
1023
1032
1038
1050
1061
1074
1081
1086
1092
1099
1103
1106
1110
1114
1119
1122
1125
1129
1132
1135
1138
1141
1145
1148
1157
1162
1171
1178
1184
1197
1204
1216
1222
1235
1246
1254
1261
1274
1287
1300
1308
1316
1325
1334
1341
1348
1362
1371
1375
1381
1387
1392
1398
1404
1410
1411
1414
1417
1420
1423
1427
1429
1431
1434
1438
1441
1446
1451
1458
1463
1473
1477
1483
1488
1492
1495
1498
1501
1507
1514
1517
1520
1523
1533
1539
1543
1545
1548
1552
1555
1561
1567
1572
1577
1586
1590
1595
1600
1606
1611
1617
1623
1627
1631
1635
1640
1646
1653
1659
1665
1667
1671
1675
1678
1683
1688
1695
1701
1709
1717
1723
1728
1736
1751
1760
1765
1771
1775
1780
1781
1783
1787
1789
1792
1794
1797
1800
1803
1807
1810
1813
1819
1826
1832
1838
1843
1849
1857
1866
1873
1877
1883
1888
1895
1902
1907
1911
1913
1915
1919
1923
1927
1931
1934
1937
1941
1945
1948
1953
1960
1965
1970
1980
1987
1995
2011
2015
2023
2033
2046
2054
2062
2068
2075
2081
2084
2090
2096
2100
2112
2116
2124
2129
2136
2141
2149
2155
2159
2164
2168
2175
2179
2182
2186
2190
2194
2198
2201
2204
2208
2212
2220
2226
2229
2232
2235
2240
2248
2258
2263
2266
2270
2273
2276
2279
2288
2296
2299
2302
2306
2309
2315
2318
2322
2326
2332
2336
2345
2354
2358
2365
2377
2384
2389
2392
2397
2403
2413
2421
2424
2428
2431
2434
2435
2436
2443
2451
2457
2464
2471
2476
2480
2484
2494
2502
2511
2518
2523
2532
2538
2541
2545
2548
2551
2555
2561
2565
2568
2572
2577
2579
2581
2586
2592
2596
2601
2607
2611
2619
2626
2633
2639
2645
2656
2663
2670
2677
2687
2699
2707
2715
2722
2732
2741
2748
2756
2767
2774
2779
2787
2795
2801
2807
2815
2824
2832
2836
2841
2845
2850
2855
2862
2869
2876
2880
2885
2890
2894
2899
2903
2907
2912
2917
2921
2925
2931
2934
2938
2941
2945
2951
2956
2960
2963
2968
2972
2979
2989
2994
2999
3006
3016
3020
3027
3036
3042
3047
3054
3062
3066
3071
3076
3083
3089
3094
3098
3101
3106
3111
3115
3123
3128
3132
3136
3141
3146
3150
3156
3161
3166
3172
3176
3178
3183
3186
3189
3192
3197
3203
3209
3214
3219
3225
3230
3234
3240
3246
3251
3254
3261
3266
3273
3276
3279
3282
3288
3297
3303
3311
3315
3320
3325
3329
3334
3340
3343
3346
3349
3351
3354
3358
3364
3371
3376
3380
3385
3390
3394
3403
3406
3409
3414
3424
3432
3443
3454
3464
3472
3477
3484
3495
3510
3523
3540
3557
3565
3570
3575
3578
3581
3584
3587
3590
3594
3598
3604
3609
3617
3624
3628
3634
3641
3648
3655
3660
3673
3675
3679
3692
3700
3704
3710
3717
3722
3728
3735
3738
3740
3747
3755
3763
3769
3775
3782
3787
3790
3792
3796
3802
3808
3812
3817
3826
3834
3841
3852
3863
3869
3875
3879
3884
3891
3899
3908
3915
3923
3927
3933
3939
3947
3952
3968
3972
3974
3978
3988
3994
4000
4004
4010
4015
4020
4024
4031
4036
4040
4045
4049
4061
4068
4073
4082
4087
4091
4094
4098
4109
4114
4119
4124
4130
4137
4147
4155
4162
4167
4172
4185
4188
4194
4207
4219
4228
4237
4244
4256
4262
4269
4273
4276
4279
4282
4285
4290
4294
4301
4305
4308
4313
4316
4321
4326
4330
4335
4338
4344
4350
4356
4361
4369
4381
4390
4397
4405
4410
4414
4418
4423
4427
4431
4437
4442
4446
4450
4455
4458
4461
4466
4475
4482
4492
4500
4509
4515
4519
4522
4527
4531
4534
4538
4544
4550
4556
4564
4571
4582
4595
4601
4613
4619
4637
4642
4646
4653
4666
4679
4689
4692
4695
4702
4706
4712
4721
4731
4736
4741
4746
4751
4756
4762
4768
4776
4785
4790
4797
4806
4819
4831
4843
4853
4867
4872
4883
4896
4911
4917
4922
4931
4943
4949
4952
4955
4961
4971
4985
4989
4994
5003
5009
5025
5037
5045
5051
5060
5065
5072
5089
5100
5110
5122
5148
5172
5187
5212
5225
5241
5250
5254
5256
5260
5263
5266
5269
5272
5275
5278
5281
5286
5290
5294
5297
5300
5302
5304
5307
5312
5317
5323
5327
5332
5336
5341
5346
5352
5356
5360
5365
5370
5372
5376
5384
5398
5404
5409
5427
5432
5435
5439
5443
5446
5452
5462
5472
5480
5486
5496
5501
5506
5514
5526
5532
5541
5545
5551
5557
5563
5567
5575
5581
5589
5593
5600
5606
5610
5614
5619
5625
5629
5638
5647
5654
5660
5675
5689
5701
5713
5727
5737
5743
5752
5765
5770
5774
5779
5783
5794
5800
5808
5818
5826
5833
5841
5852
5857
5861
5866
5870
5874
5879
5885
5891
5897
5902
5903
5906
5909
5914
5921
5929
5940
5947
5954
5962
5967
5972
5978
5986
5992
5998
6006
6017
6028
6034
6038
6041
6044
6049
6057
6066
6075
6081
6087
6092
6096
6100
6105
6110
6115
6125
6135
6143
6149
6156
6162
6166
6172
6179
6186
6191
6198
6205
6214
6222
6231
6241
6253
6260
6270
6276
6287
6302
6309
6318
6323
6326
6329
6332
6337
6341
6342
6345
6348
6350
6352
6355
6359
6362
6370
6376
6383
6389
6394
6399
6407
6413
6418
6425
6429
6434
6441
6451
6461
6466
6475
6482
6489
6494
6501
6505
6509
6512
6515
6518
6522
6525
6531
6536
6544
6550
6555
6560
6563
6568
6577
6587
6596
6600
6604
6611
6618
6626
6632
6638
6644
6649
6654
6659
6666
6672
6679
