6
33
53
81
101
111
129
147
168
189
214
248
275
309
337
356
394
438
464
490
511
528
545
564
589
613
636
650
665
676
691
703
720
738
757
791
812
831
846
861
879
886
892
902
917
936
943
948
955
966
974
987
1000
1015
1032
1042
1049
1069
1081
1095
1104
1108
1116
1123
1129
1134
1139
1147
1157
1162
1171
1183
1197
1210
1235
1246
1258
1272
1287
1300
1308
1330
1345
1362
1377
1384
1395
1404
1410
1413
1418
1423
1427
1431
1438
1445
1454
1470
1476
1486
1493
1499
1505
1514
1518
1522
1533
1539
1544
1548
1558
1567
1573
1587
1596
1605
1611
1616
1621
1627
1633
1638
1644
1651
1658
1668
1676
1682
1689
1696
1702
1709
1721
1731
1748
1761
1769
1778
1781
1783
1787
1791
1794
1799
1804
1809
1813
1819
1832
1843
1864
1873
1881
1888
1895
1902
1910
1913
1918
1925
1932
1939
1945
1948
1953
1960
1968
1979
1992
2011
2018
2031
2049
2062
2068
2075
2083
2090
2096
2103
2113
2124
2133
2143
2150
2157
2164
2168
2176
2183
2189
2196
2202
2207
2216
2226
2229
2233
2237
2249
2258
2264
2270
2273
2278
2291
2302
2306
2309
2316
2322
2328
2336
2345
2354
2363
2377
2384
2388
2394
2417
2424
2428
2433
2435
2443
2453
2457
2464
2479
2489
2506
2511
2521
2532
2540
2546
2551
2555
2561
2566
2571
2575
2582
2588
2598
2606
2617
2626
2632
2638
2645
2658
2675
2694
2708
2718
2738
2751
2767
2783
2796
2804
2814
2827
2838
2847
2854
2860
2871
2879
2885
2892
2900
2906
2912
2917
2922
2931
2937
2944
2954
2960
2963
2969
2978
2993
3007
3016
3022
3051
3061
3071
3083
3093
3100
3105
3119
3127
3134
3142
3149
3156
3161
3165
3170
3176
3179
3185
3190
3197
3204
3211
3218
3225
3231
3241
3249
3254
3264
3273
3276
3280
3286
3304
3312
3318
3327
3333
3343
3347
3352
3356
3359
3368
3378
3384
3391
3404
3409
3424
3431
3448
3462
3469
3474
3481
3505
3541
3563
3574
3580
3584
3590
3597
3604
3612
3620
3628
3632
3641
3644
3649
3655
3663
3673
3679
3695
3701
3706
3713
3724
3733
3740
3747
3755
3763
3771
3782
3788
3792
3796
3802
3808
3824
3836
3845
3854
3867
3875
3887
3899
3906
3920
3931
3943
3952
3964
3976
3988
3998
4008
4017
4025
4034
4040
4049
4061
4073
4082
4087
4091
4104
4110
4118
4128
4136
4148
4160
4169
4185
4189
4196
4209
4223
4237
4250
4261
4269
4275
4280
4285
4294
4302
4310
4318
4324
4332
4338
4345
4353
4360
4369
4381
4390
4401
4410
4416
4423
4428
4437
4445
4450
4455
4459
4463
4471
4495
4509
4515
4521
4527
4531
4535
4542
4551
4559
4568
4590
4606
4624
4637
4651
4672
4690
4699
4712
4727
4742
4749
4754
4768
4781
4790
4798
4806
4819
4831
4850
4876
4886
4896
4922
4931
4947
4953
4960
4971
4985
4994
5006
5018
5035
5042
5056
5072
5089
5109
5145
5172
5195
5231
5250
5257
5266
5270
5275
5283
5292
5297
5301
5306
5313
5320
5325
5330
5337
5345
5352
5358
5365
5369
5374
5383
5398
5404
5408
5427
5433
5439
5443
5446
5452
5461
5475
5486
5499
5515
5526
5535
5552
5571
5580
5591
5601
5611
5622
5627
5638
5644
5660
5675
5688
5700
5720
5739
5756
5770
5777
5783
5803
5814
5826
5838
5852
5857
5863
5868
5873
5880
5888
5897
5903
5906
5910
5914
5921
5929
5939
5947
5955
5967
5982
5992
5999
6006
6017
6028
6035
6042
6049
6061
6075
6082
6090
6098
6106
6113
6126
6140
6156
6169
6183
6195
6205
6215
6228
6240
6253
6260
6270
6278
6302
6312
6323
6328
6336
6342
6345
6350
6355
6362
6372
6380
6386
6391
6397
6406
6416
6425
6431
6440
6449
6461
6471
6484
6492
6500
6508
6515
6523
6529
6537
6545
6553
6561
6573
6585
6598
6604
6617
6630
6642
6651
6658
6666
6673
6679
