0
5
9
17
23
27
33
44
56
72
77
85
97
113
119
122
124
127
132
134
138
139
142
144
147
148
150
151
155
157
160
164
167
170
173
175
179
183
189
191
194
196
201
217
226
239
242
245
247
250
254
262
270
274
278
285
288
294
295
310
326
328
339
346
347
357
362
363
365
373
378
381
387
401
409
414
418
430
435
440
453
460
462
466
469
474
483
486
490
498
500
504
509
516
522
524
536
557
561
571
588
602
603
607
613
616
621
629
633
651
672
685
697
705
719
724
732
741
751
754
760
762
770
782
784
790
797
803
810
813
823
832
834
835
842
846
850
858
866
873
881
898
910
933
946
954
962
965
970
973
976
978
990
994
1000
1008
1010
1020
1032
1045
1053
1069
1073
1082
1084
1086
1089
1095
1099
1104
1113
1119
1129
1132
1136
1140
1149
1150
1156
1172
1193
1197
1199
1202
1205
1209
1217
1220
1232
1237
1240
1243
1257
1262
1264
1267
1287
1292
1302
1306
1311
1322
1324
1325
1327
1334
1341
1346
1350
1354
1362
1370
1374
1379
1381
1389
1398
1410
1413
1427
1433
1437
1443
1444
1445
1450
1454
1459
1463
1470
1479
1490
1496
1500
1503
1508
1510
1520
1528
1533
1544
1549
1557
1563
1568
1573
1576
1578
1584
1602
1617
1625
1627
1632
1634
1649
1652
1657
1676
1677
1684
1688
1692
1700
1709
1721
1729
1732
1739
1745
1753
1754
1763
1768
1770
1791
1793
1803
1805
1808
1809
1811
1814
1816
1819
1823
1826
1830
1834
1842
1845
1850
1854
1859
1874
1877
1879
1883
1890
1894
1909
1912
1913
1916
1918
1923
1926
1934
1943
1949
1954
1966
1976
1979
1981
1985
1987
1993
1999
2003
2007
2015
2029
2037
2043
2048
2059
2072
2084
2089
2099
2107
2119
2123
2132
2137
2140
2153
2155
2162
2163
2171
2179
2188
2193
2196
2209
2216
2220
2241
2251
2253
2257
2267
2275
2279
2282
2290
2292
2303
2310
2314
2332
2338
2350
2358
2374
2381
2387
2400
2406
2410
2421
2434
2450
2458
2466
2481
2486
2495
2502
2509
2519
2522
2523
2525
2528
2532
2540
2545
2556
2569
2587
2604
2623
2629
2636
2643
2653
2662
2676
2684
2700
2708
2713
2719
2736
2737
2748
2754
2763
2771
2774
2782
2787
2794
2810
2817
2830
2842
2859
2883
2890
2902
2911
2919
2938
2962
2987
3004
3009
3017
3025
3033
3045
3053
3073
3088
3097
3105
3116
3124
3128
3131
3136
3140
3144
3148
3157
3160
3187
3200
3213
3228
3244
3248
3253
3263
3283
3294
3301
3314
3323
3343
3359
3366
3371
3375
3378
3381
3384
3386
3394
3396
3400
3404
3407
3411
3414
3429
3437
3439
3450
3454
3463
3470
3481
3486
3491
3499
3504
3506
3512
3529
3540
3544
3552
3565
3585
3592
3608
3620
3635
3638
3656
3667
3681
3688
3693
3696
3698
3701
3711
3718
3724
3728
3733
3744
3749
3754
3758
3761
3766
3778
3782
3791
3798
3803
3814
3822
3838
3846
3861
3876
3883
3889
3898
3907
3911
3914
3916
3919
3921
3923
3924
3926
3927
3929
3932
3935
3937
3939
3940
3942
3946
3948
3949
3951
3953
3957
3960
3963
3964
3966
3968
3970
3972
3974
3976
3978
3981
3984
3986
3987
3988
3989
3994
3998
4001
4003
4004
4008
4009
4010
4011
4013
4017
4020
4023
4024
4028
4032
4036
4037
4040
4043
4048
4055
4057
4063
4066
4067
4069
4071
4073
4077
4079
4081
4082
4084
4087
4093
4100
4105
4107
4110
4113
4117
4119
4122
4128
4134
4138
4142
4144
4146
4152
4158
4165
4169
4173
4177
4182
4189
4197
4200
4209
4221
4225
4233
4244
4254
4257
4266
4270
4274
4283
4291
4302
4310
4320
4324
4331
4336
4339
4344
4348
4356
4363
4371
4379
4386
4401
4402
4416
4417
4435
4445
4454
4459
4471
4474
4482
4491
