0
5
12
23
27
38
56
81
97
111
119
123
127
132
139
144
147
149
151
155
157
160
164
168
173
179
183
189
195
201
219
239
244
248
254
266
274
278
286
299
313
326
346
354
365
373
378
385
396
403
414
418
437
439
462
466
479
483
489
498
507
518
539
552
556
591
602
603
607
613
617
621
629
633
651
680
685
709
728
743
759
772
783
794
815
835
846
847
856
857
866
873
881
898
914
938
954
967
972
974
978
994
1009
1017
1033
1045
1064
1071
1082
1085
1089
1097
1112
1129
1135
1152
1172
1189
1193
1204
1208
1213
1220
1231
1240
1241
1257
1264
1279
1301
1310
1322
1330
1334
1341
1346
1349
1358
1369
1373
1379
1389
1399
1434
1443
1444
1454
1463
1483
1495
1503
1508
1520
1528
1533
1544
1560
1563
1568
1572
1578
1583
1602
1617
1625
1628
1631
1641
1649
1664
1675
1684
1688
1692
1705
1721
1728
1741
1753
1759
1763
1791
1793
1803
1805
1809
1813
1816
1819
1822
1827
1830
1834
1842
1846
1859
1867
1877
1879
1887
1893
1910
1914
1926
1930
1954
1973
1978
1981
1985
1989
1996
2007
2013
2033
2043
2048
2059
2075
2091
2099
2107
2119
2123
2144
2157
2172
2180
2196
2201
2220
2231
2247
2253
2259
2265
2279
2290
2301
2315
2326
2338
2350
2362
2388
2400
2409
2422
2447
2466
2483
2491
2504
2519
2522
2525
2529
2533
2541
2569
2574
2624
2629
2653
2677
2684
2700
2708
2715
2728
2746
2754
2763
2771
2779
2797
2814
2833
2843
2869
2879
2890
2919
2938
2962
2987
3005
3017
3031
3049
3080
3100
3124
3129
3133
3141
3148
3157
3173
3209
3228
3244
3248
3263
3283
3287
3299
3321
3343
3359
3363
3373
3378
3382
3387
3394
3398
3406
3413
3429
3437
3453
3463
3470
3482
3490
3499
3504
3512
3540
3548
3560
3568
3592
3616
3638
3672
3688
3693
3697
3704
3716
3725
3739
3754
3761
3767
3784
3790
3815
3822
3850
3866
3883
3898
3907
3912
3915
3919
3921
3924
3926
3929
3932
3935
3937
3939
3942
3946
3948
3950
3952
3954
3958
3961
3964
3970
3974
3978
3981
3985
3987
3992
3998
4001
4003
4008
4010
4013
4017
4020
4023
4024
4028
4033
4037
4043
4049
4057
4061
4066
4070
4073
4077
4080
4082
4087
4093
4097
4101
4105
4107
4110
4111
4115
4118
4122
4128
4134
4142
4149
4158
4166
4173
4182
4189
4198
4209
4221
4229
4242
4254
4270
4283
4302
4318
4331
4339
4348
4355
4364
4371
4379
4402
4431
4448
4459
4475
4487
