0
5
15
20
25
30
35
45
50
55
65
85
95
110
120
125
130
135
140
145
150
155
160
165
170
175
180
185
190
195
205
210
215
225
230
235
240
245
250
255
260
265
270
275
285
290
295
300
315
320
325
335
340
345
355
360
365
370
375
380
385
390
400
405
410
415
420
425
430
440
445
455
460
465
470
475
485
490
495
500
505
510
515
520
525
530
540
550
560
570
575
585
590
595
605
610
615
620
630
635
640
650
660
665
680
705
710
715
725
730
735
750
755
760
765
770
775
785
790
795
805
815
820
825
835
845
855
860
865
875
880
885
890
895
900
905
920
925
930
935
950
955
960
965
970
975
980
985
990
995
1000
1005
1010
1015
1030
1035
1040
1050
1060
1065
1070
1075
1085
1090
1095
1100
1105
1110
1115
1120
1125
1130
1135
1140
1155
1165
1170
1180
1185
1190
1195
1200
1205
1210
1215
1220
1225
1235
1240
1245
1250
1260
1265
1270
1285
1295
1300
1315
1325
1330
1335
1340
1345
1350
1355
1360
1370
1375
1380
1390
1400
1405
1420
1425
1435
1440
1445
1450
1455
1465
1470
1475
1485
1490
1500
1505
1515
1520
1525
1530
1540
1545
1550
1555
1565
1570
1575
1580
1585
1590
1595
1600
1605
1610
1615
1620
1625
1630
1635
1640
1645
1650
1660
1665
1680
1685
1690
1695
1700
1710
1715
1725
1730
1735
1740
1745
1750
1755
1760
1765
1775
1780
1785
1790
1800
1805
1810
1815
1820
1825
1830
1835
1840
1845
1850
1855
1860
1865
1875
1880
1885
1890
1900
1905
1910
1915
1920
1925
1930
1940
1945
1950
1955
1960
1965
1970
1975
1980
1985
1990
1995
2000
2010
2015
2025
2030
2040
2045
2050
2055
2070
2075
2080
2085
2090
2095
2105
2115
2120
2125
2130
2135
2140
2155
2160
2165
2170
2175
2180
2190
2200
2210
2215
2225
2235
2240
2245
2255
2260
2265
2275
2285
2290
2300
2305
2315
2320
2325
2335
2340
2345
2360
2365
2380
2385
2395
2405
2410
2415
2420
2430
2440
2445
2450
2455
2465
2475
2480
2485
2495
2500
2505
2510
2515
2525
2530
2535
2540
2550
2555
2560
2585
2600
2610
2625
2630
2635
2645
2650
2655
2660
2665
2675
2680
2685
2700
2705
2710
2715
2720
2730
2735
2750
2760
2765
2770
2775
2780
2790
2795
2810
2815
2825
2840
2850
2865
2870
2875
2880
2885
2890
2900
2910
2920
2935
2950
2990
3005
3010
3015
3020
3025
3030
3035
3040
3050
3060
3070
3080
3085
3090
3100
3110
3120
3125
3130
3135
3140
3145
3150
3155
3165
3180
3190
3195
3200
3210
3215
3220
3240
3245
3250
3255
3260
3265
3275
3280
3290
3295
3300
3305
3315
3320
3330
3340
3345
3350
3355
3360
3365
3370
3375
3380
3385
3390
3395
3400
3405
3410
3415
3420
3430
3435
3440
3445
3455
3460
3470
3475
3480
3485
3495
3500
3505
3510
3515
3520
3530
3535
3545
3555
3560
3570
3575
3585
3600
3605
3610
3615
3620
3630
3635
3645
3650
3655
3665
3675
3685
3690
3695
3700
3705
3710
3715
3720
3725
3730
3740
3750
3755
3760
3770
3775
3780
3785
3790
3805
3815
3820
3825
3830
3835
3840
3845
3855
3860
3870
3875
3880
3895
3900
3905
3910
3915
3920
3925
3930
3935
3940
3945
3950
3955
3960
3965
3970
3975
3980
3985
3990
3995
4000
4005
4010
4015
4020
4025
4030
4035
4045
4050
4055
4060
4065
4070
4075
4080
4085
4090
4095
4100
4105
4110
4115
4120
4125
4130
4135
4140
4145
4150
4155
4165
4170
4175
4180
4185
4190
4195
4200
4205
4215
4220
4230
4235
4245
4255
4260
4265
4270
4275
4280
4285
4295
4300
4305
4310
4320
4325
4330
4335
4340
4345
4350
4355
4360
4365
4375
4380
4385
4390
4400
4405
4420
4425
4430
4435
4445
4450
4455
4465
4470
4475
4480
4485
