0
5
10
15
20
25
30
35
40
45
50
55
60
65
70
75
80
85
90
95
100
105
110
115
120
125
135
145
150
155
160
165
170
175
180
185
190
195
200
210
225
230
235
240
245
250
255
260
265
270
275
285
290
295
300
305
310
315
320
325
330
335
340
345
350
365
390
405
420
435
465
490
530
590
600
655
670
680
685
695
700
705
710
720
725
730
735
740
745
750
755
760
765
770
775
780
785
790
795
800
805
810
825
835
850
865
875
890
900
910
920
925
930
935
940
945
950
955
960
965
970
975
980
985
990
995
1000
1005
1010
1015
1020
1025
1030
1035
1040
1045
1065
1095
1105
1115
1120
1125
1130
1135
1140
1145
1150
1165
1170
1175
1180
1185
1190
1195
1200
1205
1210
1215
1220
1225
1230
1235
1240
1245
1250
1255
1260
1265
1270
1275
1280
1285
1290
1295
1300
1305
1310
1315
1320
1330
1335
1340
1345
1350
1355
1360
1365
1370
1375
1380
1385
1390
1395
1400
1405
1410
1415
1420
1425
1430
1435
1440
1445
1450
1455
1460
1465
1470
1480
1485
1490
1495
1500
1505
1510
1515
1520
1525
1530
1535
1540
1555
1560
1565
1570
1575
1580
1585
1590
1600
1605
1620
1635
1640
1645
1650
1655
1660
1665
1670
1675
1680
1685
1695
1700
1705
1715
1720
1725
1730
1735
1740
1745
1750
1755
1760
1765
1770
1775
1780
1790
1800
1805
1810
1815
1820
1825
1830
1840
1845
1855
1860
1865
1880
1885
1890
1895
1905
1910
1915
1920
1925
1930
1935
1940
1945
1950
1955
1960
1965
1985
1990
2000
2005
2010
2025
2040
2050
2060
2070
2075
2080
2085
2095
2100
2105
2115
2125
2140
2150
2155
2165
2175
2180
2190
2195
2200
2205
2210
2215
2220
2230
2240
2245
2250
2255
2260
2265
2270
2275
2280
2285
2290
2295
2300
2305
2310
2315
2320
2325
2330
2335
2340
2345
2350
2355
2360
2365
2370
2375
2380
2395
2400
2410
2415
2420
2425
2430
2435
2440
2445
2455
2460
2470
2475
2480
2490
2495
2505
2510
2525
2535
2550
2560
2570
2580
2585
2590
2595
2600
2605
2610
2615
2630
2635
2640
2645
2650
2655
2660
2665
2670
2675
2680
2685
2690
2695
2700
2705
2715
2730
2735
2745
2750
2755
2760
2775
2780
2790
2795
2800
2810
2815
2820
2825
2835
2840
2845
2850
2855
2860
2865
2870
2880
2885
2890
2895
2900
2905
2910
2915
2920
2925
2930
2935
2940
2945
2950
2955
2960
2965
2970
2975
2980
2985
2990
2995
3000
3005
3010
3015
3020
3025
3030
3035
3040
3045
3050
3055
