3
6
11
16
23
29
33
38
42
47
52
59
66
74
81
86
90
94
101
107
113
121
135
147
151
164
168
172
177
180
186
195
201
213
223
233
238
243
249
258
266
275
283
289
298
306
310
315
321
324
328
333
339
344
349
365
401
446
461
506
531
596
653
669
681
691
698
699
700
706
709
711
719
727
732
736
740
746
750
755
760
767
770
777
781
786
793
797
801
804
809
825
847
853
857
863
874
895
913
922
929
935
941
944
948
953
957
961
964
967
971
975
977
982
986
996
1003
1006
1008
1009
1010
1011
1013
1015
1018
1021
1025
1031
1037
1043
1067
1095
1110
1116
1118
1119
1120
1123
1125
1127
1129
1132
1133
1135
1139
1143
1153
1165
1171
1175
1178
1183
1187
1190
1193
1199
1202
1205
1209
1213
1217
1224
1228
1230
1233
1238
1242
1247
1252
1255
1258
1263
1267
1269
1272
1274
1277
1281
1285
1293
1302
1309
1315
1319
1329
1338
1342
1348
1354
1363
1371
1374
1380
1388
1398
1403
1407
1413
1418
1421
1424
1429
1433
1436
1439
1445
1448
1452
1456
1459
1460
1461
1462
1463
1465
1466
1468
1470
1473
1476
1482
1483
1484
1485
1489
1492
1496
1500
1502
1503
1505
1506
1508
1514
1521
1526
1532
1537
1547
1562
1567
1569
1572
1578
1589
1598
1606
1619
1637
1641
1649
1655
1659
1662
1667
1679
1689
1702
1718
1726
1729
1732
1735
1739
1742
1744
1746
1749
1753
1766
1774
1787
1800
1807
1811
1816
1822
1830
1844
1856
1865
1875
1884
1890
1896
1901
1908
1910
1914
1919
1925
1933
1943
1949
1955
1960
1973
1983
1995
2008
2022
2039
2050
2062
2072
2078
2083
2096
2104
2115
2131
2148
2161
2173
2183
2192
2201
2207
2212
2217
2225
2238
2246
2252
2256
2260
2265
2269
2274
2278
2281
2282
2286
2290
2293
2294
2296
2300
2302
2305
2309
2315
2318
2321
2325
2330
2335
2341
2351
2356
2362
2369
2374
2383
2392
2402
2409
2413
2416
2418
2424
2431
2438
2445
2454
2459
2467
2482
2494
2506
2520
2541
2568
2581
2586
2590
2595
2601
2606
2610
2614
2621
2638
2643
2651
2655
2658
2661
2665
2667
2668
2672
2674
2675
2676
2677
2680
2684
2688
2692
2697
2702
2723
2735
2748
2755
2767
2786
2792
2798
2808
2813
2819
2830
2840
2849
2855
2856
2857
2858
2861
2870
2876
2888
2895
2900
2904
2907
2910
2918
2923
2928
2931
2934
2939
2943
2948
2953
2959
2962
2966
2971
2976
2981
2984
2988
2993
2998
3003
3008
3014
3019
3025
3029
3033
3042
3048
3052
3060
