4
12
21
30
35
40
45
53
62
70
79
85
89
95
102
110
120
134
142
157
160
164
168
174
179
195
210
222
237
246
258
268
278
286
298
305
312
328
336
345
365
446
511
596
664
681
700
706
709
719
730
736
742
749
753
759
766
771
778
783
792
798
804
809
825
850
859
885
913
926
935
941
948
955
960
966
971
976
981
986
996
1006
1009
1012
1016
1022
1025
1030
1038
1052
1101
1116
1118
1120
1124
1128
1131
1134
1139
1161
1172
1179
1190
1196
1207
1216
1224
1231
1236
1243
1249
1252
1255
1257
1261
1267
1271
1274
1280
1285
1293
1301
1310
1324
1338
1345
1354
1360
1367
1372
1377
1388
1400
1406
1414
1419
1423
1427
1432
1435
1441
1447
1452
1457
1460
1461
1463
1466
1469
1475
1483
1484
1489
1492
1496
1503
1514
1525
1532
1537
1555
1566
1573
1580
1589
1606
1628
1638
1644
1656
1661
1671
1680
1689
1698
1702
1718
1726
1731
1736
1742
1746
1749
1753
1770
1787
1804
1818
1828
1845
1862
1880
1896
1901
1912
1918
1924
1932
1944
1956
1973
1981
1995
2008
2019
2050
2069
2083
2096
2104
2115
2140
2160
2180
2201
2207
2219
2230
2243
2254
2262
2269
2275
2279
2284
2289
2293
2299
2308
2314
2320
2328
2341
2357
2366
2380
2397
2411
2421
2431
2438
2448
2458
2466
2482
2497
2516
2541
2574
2586
2595
2604
2610
2621
2648
2652
2656
2660
2671
2676
2680
2686
2693
2702
2723
2739
2751
2767
2786
2799
2810
2821
2832
2842
2851
2862
2866
2874
2888
2895
2901
2905
2907
2911
2920
2927
2932
2936
2942
2947
2955
2960
2964
2970
2978
2984
2989
2996
3004
3013
3018
3024
3030
3038
3052
3060
