0
5
10
15
20
25
30
35
40
45
50
55
60
65
70
75
80
85
90
95
100
105
110
115
120
125
130
135
140
145
150
155
160
170
175
180
185
190
200
205
210
215
220
225
230
235
240
245
255
265
275
280
290
295
300
305
310
315
320
325
330
335
340
345
350
355
360
365
370
385
390
400
410
415
420
430
435
440
445
450
465
480
490
500
505
510
515
520
525
535
540
545
550
555
560
565
570
575
585
610
615
620
625
630
635
640
645
650
660
665
675
680
685
695
700
705
710
715
720
730
740
755
760
775
785
790
795
805
810
815
825
840
845
855
865
870
880
895
910
920
930
945
955
970
980
1000
1010
1025
1035
1040
1050
1055
1070
1080
1085
1090
1095
1100
1105
1110
1115
1120
1125
1130
1135
1140
1145
1150
1155
1160
1165
1170
1175
1180
1190
1210
1230
1240
1260
1265
1275
1285
1290
1295
1300
1305
1310
1315
1320
1325
1330
1335
1340
1345
1350
1355
1360
1365
1375
1385
1400
1405
1415
1420
1425
1440
1450
1460
1470
1475
1480
1485
1495
1500
1510
1525
1535
1550
1560
1565
1570
1575
1580
1585
1590
1595
1605
1610
1615
1620
1625
1630
1640
1650
1660
1670
1675
1680
1685
1690
1695
1700
1710
1715
1720
1725
1730
1735
1740
1745
1750
1755
1760
1765
1770
1775
1780
1785
1795
1800
1805
1810
1815
1820
1825
1830
1835
1840
1845
1850
1855
1860
1865
1870
1875
1880
1885
1890
1895
1900
1905
1915
1925
1930
1935
1945
1950
1955
1960
1965
1970
1975
1980
1985
1990
1995
2000
2005
2010
2015
2025
2030
2035
2040
2045
2050
2055
2060
2065
2070
2075
2080
2085
2090
2095
2100
2105
2110
2115
2120
2125
2130
2135
2140
2145
2150
2155
2160
2165
2175
2190
2195
2205
2210
2225
2230
2235
2240
2250
2260
2270
2280
2290
2305
2310
2315
2330
2340
2350
2360
2375
2395
2415
2425
2430
2440
2450
2455
2465
2470
2475
2480
2485
2495
2500
2505
2510
2515
2520
2525
2530
2535
2540
2545
2550
2560
2570
2575
2580
2585
2590
2595
2600
2605
2610
2615
2620
2630
2640
2650
2665
2670
2675
2680
2685
2690
2695
2700
2705
2710
2715
2720
2725
2730
2735
2740
2750
2760
2765
2770
2785
2795
2810
2820
2830
2840
2845
2865
2885
2895
2900
2905
2910
2915
2920
2925
2930
2935
2940
2945
2950
2955
2960
2965
2970
2975
2985
2990
2995
3005
3010
3015
3020
3025
3030
3035
3040
3045
3050
3055
3060
3065
3070
3075
3085
3090
3095
3100
3105
3110
3115
3120
3125
3130
3135
3140
3145
3150
3155
3160
3165
3170
3175
3180
3185
3190
3195
3200
3205
3210
3215
3220
3225
3230
3235
3240
3245
3250
3255
3265
3270
3280
3290
3295
3300
3305
3310
3320
3325
3330
3335
