4
15
21
29
33
37
43
50
56
64
76
84
91
98
103
106
113
125
133
141
150
164
175
183
187
196
210
216
221
229
237
247
263
284
294
301
306
311
317
324
328
330
335
340
344
352
358
364
371
385
406
423
434
444
456
479
500
510
517
531
541
547
551
556
565
578
600
622
635
643
658
671
691
703
708
714
725
748
769
792
801
818
835
854
878
913
939
961
980
991
1019
1033
1045
1070
1085
1093
1100
1105
1107
1112
1121
1122
1129
1132
1137
1141
1145
1146
1149
1152
1162
1177
1204
1238
1264
1276
1287
1289
1296
1300
1303
1306
1312
1317
1322
1325
1331
1337
1338
1344
1348
1357
1366
1381
1417
1428
1446
1482
1504
1516
1543
1565
1572
1578
1585
1596
1606
1617
1628
1639
1659
1674
1685
1692
1706
1714
1720
1727
1734
1743
1752
1759
1764
1768
1773
1779
1785
1791
1799
1810
1816
1821
1829
1843
1853
1865
1871
1878
1880
1889
1896
1900
1906
1919
1927
1936
1948
1953
1957
1962
1967
1976
1982
1988
1994
2000
2007
2021
2033
2042
2049
2055
2059
2067
2076
2083
2090
2095
2100
2103
2105
2110
2115
2121
2127
2132
2136
2143
2149
2154
2168
2190
2205
2219
2226
2232
2247
2255
2273
2293
2305
2316
2332
2354
2391
2431
2451
2465
2471
2477
2487
2499
2506
2511
2515
2520
2524
2531
2540
2548
2560
2577
2583
2588
2595
2603
2613
2620
2633
2648
2665
2676
2683
2691
2700
2706
2712
2716
2724
2729
2737
2748
2769
2781
2800
2815
2826
2837
2845
2866
2893
2901
2907
2916
2925
2933
2937
2946
2952
2959
2967
2977
2991
3004
3012
3017
3022
3029
3036
3044
3052
3065
3087
3099
3114
3121
3130
3140
3149
3156
3166
3177
3186
3189
3191
3196
3201
3215
3223
3228
3239
3247
3260
3268
3287
3297
3299
3303
3308
3316
3328
3333
3337
3340
