0
5
8
11
17
20
25
30
33
37
43
48
52
57
63
66
71
78
82
87
91
95
100
106
110
114
119
126
133
138
141
147
156
164
174
180
184
188
196
203
208
214
218
223
230
237
245
253
259
267
284
290
295
297
300
303
306
310
315
321
325
328
330
335
340
342
346
349
352
358
366
372
384
396
406
415
424
434
441
448
458
477
488
496
503
507
510
517
528
536
540
544
547
550
551
554
558
562
569
576
592
607
619
628
635
641
658
666
678
688
697
703
708
714
721
733
741
754
760
775
792
801
811
816
824
833
840
846
856
871
884
897
911
920
939
961
980
991
1015
1026
1041
1052
1068
1078
1084
1090
1096
1099
1103
1105
1108
1111
1114
1117
1120
1122
1125
1127
1131
1134
1136
1137
1140
1143
1144
1145
1146
1149
1152
1156
1159
1162
1168
1178
1186
1193
1200
1214
1238
1259
1266
1272
1279
1286
1287
1289
1296
1299
1301
1302
1303
1306
1307
1312
1315
1318
1322
1325
1329
1332
1334
1335
1337
1340
1344
1347
1351
1358
1366
1373
1378
1392
1400
1409
1419
1431
1447
1465
1477
1483
1497
1506
1512
1521
1529
1536
1553
1564
1570
1576
1580
1585
1592
1600
1606
1614
1619
1626
1635
1645
1659
1667
1677
1685
1692
1699
1707
1714
1720
1725
1730
1734
1739
1744
1751
1757
1762
1766
1768
1772
1779
1785
1792
1799
1804
1810
1816
1824
1829
1834
1843
1853
1865
1870
1873
1878
1880
1884
1889
1893
1897
1902
1910
1919
1927
1933
1942
1947
1950
1954
1957
1960
1963
1966
1969
1974
1980
1985
1993
2000
2007
2017
2024
2029
2032
2035
2040
2045
2051
2055
2057
2063
2069
2076
2083
2090
2095
2099
2102
2103
2104
2108
2112
2115
2119
2123
2128
2132
2136
2143
2148
2154
2168
2183
2196
2204
2221
2225
2230
2235
2247
2255
2265
2280
2294
2305
2316
2323
2333
2345
2358
2372
2409
2422
2434
2444
2456
2465
2470
2474
2481
2490
2496
2499
2505
2509
2512
2516
2520
2524
2528
2533
2537
2541
2546
2550
2560
2569
2575
2580
2583
2588
2594
2597
2600
2607
2613
2620
2633
2644
2653
2661
2670
2677
2683
2691
2698
2701
2703
2708
2713
2715
2718
2723
2726
2730
2737
2748
2762
2769
2786
2800
2815
2826
2837
2845
2859
2873
2883
2896
2902
2906
2909
2915
2923
2928
2933
2937
2944
2948
2954
2960
2967
2977
2991
3004
3010
3014
3017
3021
3028
3035
3040
3046
3050
3053
3059
3065
3072
3086
3094
3098
3100
3102
3103
3107
3112
3117
3120
3123
3130
3137
3146
3150
3156
3166
3174
3179
3186
3189
3191
3195
3200
3203
3206
3211
3218
3221
3223
3225
3232
3239
3247
3253
3260
3264
3266
3270
3281
3292
3297
3299
3303
3306
3310
3320
3328
3332
3334
3337
3340
