0
5
10
15
20
25
35
40
45
60
65
75
90
100
120
130
140
175
210
245
250
260
270
280
300
310
335
355
370
385
390
400
415
435
465
470
475
480
485
500
505
510
540
545
555
580
590
600
605
610
615
620
625
635
640
645
650
655
660
665
680
695
705
725
745
760
775
785
810
830
840
880
885
920
950
975
1010
1030
1050
1070
1085
1100
1105
1120
1130
1135
1190
1195
1250
1255
1260
1275
1295
1300
1305
1310
1315
1325
1330
1340
1350
1370
1390
1405
1425
1440
1475
1485
1510
1520
1535
1555
1575
1600
1625
1650
1655
1680
1700
1735
1745
1765
1775
1795
1805
1820
1840
1855
1865
1880
1885
1890
1895
1900
1905
1910
1915
1920
1925
1930
1935
1940
1945
1955
1960
1970
1990
2000
2005
2010
2015
2020
2025
2035
2040
2050
2055
2070
2075
2080
2085
2090
2095
2100
2105
2110
2115
2120
2125
2130
2135
2140
2145
2150
2155
2160
2165
2170
2175
2180
2185
2190
2195
2200
2205
2210
2215
2220
2225
2230
2235
2240
2245
2250
2255
2260
2265
2270
2275
2280
2285
2290
2295
2300
2305
2310
2315
2320
2325
2330
2335
2340
2345
2350
2355
2360
2365
2370
2375
2380
2385
2390
2395
2400
2405
2410
2415
2420
2425
2430
2435
2440
2445
2450
2455
2460
2465
2470
2475
2480
2485
2490
2495
2500
2505
2510
2515
2520
2525
2530
2535
2540
2545
2550
2555
2560
2565
