0
5
10
15
20
25
30
35
40
45
50
55
65
70
80
85
90
95
105
110
120
125
130
135
140
145
150
165
170
180
185
200
205
210
215
230
240
245
250
255
260
270
280
285
300
305
310
315
325
340
355
365
370
375
380
385
395
400
410
415
420
425
430
435
440
445
455
460
465
470
475
480
485
490
495
500
505
515
520
530
535
540
545
550
555
560
570
575
580
585
590
595
600
605
610
615
620
625
630
635
640
645
650
655
660
665
675
685
690
695
700
710
715
720
725
735
740
750
755
760
765
770
775
785
800
805
815
820
830
840
845
855
865
870
875
880
885
895
900
905
915
925
940
955
965
980
995
1000
1005
1010
1020
1030
1040
1045
1055
1060
1065
1070
1080
1090
1095
1110
1115
1125
1130
1135
1145
1150
1155
1160
1165
1175
1180
1185
1195
1205
1210
1215
1240
1245
1255
1260
1275
1280
1285
1290
1300
1310
1315
1320
1325
1335
1340
1350
1360
1375
1390
1395
1405
1420
1435
1440
1450
1455
1460
1475
1480
1485
1495
1505
1515
1520
1530
1540
1545
1560
1575
1580
1585
1595
1600
1610
1620
1630
1645
1650
1660
1670
1705
1715
1720
1735
1740
1755
1765
1770
1775
1780
1785
1790
1800
1810
1815
1820
1825
1830
1835
1845
1855
1860
1865
1875
1880
1885
1890
1895
1905
1910
1915
1920
1925
1930
1935
1940
1945
1955
1960
1965
1970
1975
1980
1985
1990
2000
2005
2010
2015
2020
2025
2030
2035
2040
2045
2050
2060
2065
2070
2075
2080
2085
2090
2095
2100
2105
2110
2115
2120
2125
2130
2135
2140
2145
2150
2155
2160
2165
2170
2175
2180
2190
2195
2200
2205
2210
2215
2220
2225
2230
2235
2240
2245
2250
2255
2260
2265
2270
2275
2280
2285
2290
2295
2300
2305
2310
2315
2320
2325
2330
2335
2340
2345
2350
2355
2360
2365
2370
2375
2380
2385
2390
2395
2400
2405
2410
2415
2420
2425
2430
2435
2440
2445
2450
2455
2460
2465
2470
2475
2480
2485
2490
2495
2500
2505
2510
2515
2520
2525
2530
2535
2540
2545
2550
2555
2560
2565
2570
