0
6
11
17
24
30
34
37
42
50
55
65
72
90
100
114
136
170
190
237
249
259
268
280
296
311
337
354
374
384
423
430
435
439
441
467
475
484
495
510
514
536
581
594
598
602
604
608
610
611
612
613
614
616
618
620
621
623
625
631
634
640
646
651
657
667
683
695
706
741
754
762
779
789
810
818
895
923
950
988
1010
1036
1042
1061
1073
1098
1127
1137
1180
1195
1212
1251
1257
1265
1274
1281
1290
1298
1306
1312
1317
1325
1340
1361
1380
1401
1418
1440
1475
1503
1512
1526
1542
1559
1575
1617
1629
1662
1690
1727
1744
1765
1795
1809
1819
1834
1838
1853
1867
1882
1886
1891
1897
1901
1908
1914
1919
1924
1928
1933
1939
1946
1957
1965
1981
1991
1998
2003
2010
2015
2018
2023
2030
2036
2041
2055
2067
2074
2078
2079
2081
2083
2086
2089
2091
2095
2098
2100
2102
2103
2105
2106
2108
2109
2110
2111
2116
2119
2124
2130
2133
2134
2136
2141
2150
2152
2155
2159
2160
2162
2164
2170
2175
2184
2190
2195
2198
2207
2209
2212
2214
2216
2218
2221
2223
2226
2230
2234
2238
2241
2243
2245
2247
2249
2252
2253
2256
2259
2260
2264
2266
2268
2270
2275
2276
2279
2281
2282
2283
2284
2286
2289
2295
2298
2301
2303
2307
2308
2310
2311
2314
2315
2318
2321
2327
2331
2333
2336
2337
2339
2340
2344
2345
2346
2348
2351
2353
2355
2358
2359
2360
2361
2364
2365
2368
2369
2372
2374
2375
2377
2381
2383
2385
2386
2388
2392
2393
2395
2397
2401
2403
2404
2407
2410
2413
2414
2417
2418
2420
2424
2426
2427
2428
2429
2430
2432
2434
2435
2436
2437
2440
2442
2444
2446
2448
2450
2452
2453
2455
2456
2458
2460
2462
2463
2465
2468
2469
2472
2473
2474
2475
2478
2480
2483
2486
2489
2490
2491
2492
2493
2494
2496
2498
2499
2501
2502
2503
2504
2505
2506
2507
2509
2510
2512
2514
2517
2518
2519
2520
2521
2522
2523
2525
2526
2527
2528
2529
2530
2532
2533
2534
2536
2539
2540
2541
2542
2544
2546
2548
2550
2551
2552
2553
2554
2555
2556
2559
2561
2563
2564
2565
2568
2569
2571
2572
2573
