0
5
10
15
20
25
30
35
40
45
50
55
65
70
80
85
90
95
100
115
120
125
130
135
140
145
150
165
170
180
185
195
200
205
215
225
230
240
245
250
255
260
265
270
300
305
310
315
320
325
340
355
365
370
375
380
385
390
395
400
415
420
425
430
435
440
445
455
460
465
470
475
480
485
490
495
500
505
510
515
520
530
535
540
545
550
555
565
570
575
585
590
595
600
605
610
615
620
625
630
635
640
645
650
655
660
665
680
690
695
700
705
715
730
735
740
750
755
760
765
770
775
785
795
810
825
830
835
840
855
865
870
880
885
900
905
910
915
920
930
935
950
955
960
980
995
1000
1005
1020
1030
1035
1055
1065
1070
1075
1080
1085
1105
1115
1125
1130
1135
1140
1145
1150
1155
1160
1165
1170
1180
1185
1190
1200
1215
1220
1225
1230
1240
1245
1255
1260
1280
1285
1290
1295
1300
1310
1315
1320
1325
1335
1340
1345
1370
1390
1400
1405
1415
1425
1430
1445
1450
1465
1470
1475
1490
1505
1515
1520
1530
1535
1545
1550
1555
1560
1570
1580
1585
1590
1600
1610
1615
1625
1630
1645
1650
1660
1665
1670
1680
1705
1710
1715
1735
1740
1755
1765
1770
1775
1780
1785
1795
1800
1810
1815
1820
1825
1830
1835
1845
1850
1860
1870
1880
1885
1890
1900
1905
1910
1915
1920
1925
1930
1935
1940
1945
1950
1960
1965
1970
1975
1985
1990
2000
2005
2010
2015
2020
2025
2030
2035
2040
2045
2050
2060
2065
2070
2075
2080
2085
2090
2095
2100
2105
2110
2115
2120
2125
2130
2135
2140
2145
2150
2155
2160
2165
2170
2175
2180
2185
2195
2200
2205
2210
2215
2220
2225
2230
2235
2240
2245
2250
2255
2260
2265
2270
2275
2280
2285
2290
2295
2300
2305
2310
2315
2320
2325
2330
2335
2340
2345
2350
2355
2360
2365
2370
2375
2380
2385
2390
2395
2400
2405
2410
2415
2420
2425
2430
2435
2440
2445
2450
2455
2460
2465
2470
2475
2480
2485
2490
2495
2500
2505
2510
2515
2520
2525
2530
2535
2540
2545
2550
2555
2560
2565
2570
