0
5
10
15
20
25
30
35
40
45
60
65
75
90
100
105
110
115
130
150
155
165
180
185
190
205
220
225
240
245
250
255
260
270
280
285
290
300
305
310
315
320
325
330
350
355
360
370
375
380
385
390
395
400
405
420
430
435
445
450
460
465
470
475
485
490
500
505
510
515
520
525
530
535
540
545
555
570
585
590
595
600
605
610
615
620
625
630
635
640
645
650
655
660
665
670
680
695
700
705
710
715
725
735
745
755
760
765
770
775
785
790
795
805
810
815
825
835
840
845
850
855
860
865
870
880
885
890
900
915
920
925
930
935
950
980
995
1005
1010
1015
1025
1030
1035
1040
1045
1060
1070
1085
1090
1095
1105
1110
1120
1130
1140
1145
1150
1155
1160
1165
1170
1185
1195
1200
1215
1220
1240
1245
1255
1260
1270
1275
1280
1290
1295
1300
1305
1310
1315
1320
1325
1330
1335
1340
1350
1355
1360
1370
1375
1380
1395
1400
1405
1415
1425
1435
1440
1450
1465
1480
1490
1495
1510
1515
1520
1525
1530
1540
1545
1550
1560
1570
1575
1590
1600
1605
1615
1625
1635
1645
1655
1665
1675
1680
1685
1700
1715
1720
1735
1745
1750
1755
1760
1770
1775
1785
1800
1805
1815
1820
1830
1835
1845
1850
1860
1865
1870
1875
1880
1885
1890
1895
1900
1905
1910
1915
1920
1925
1930
1935
1940
1945
1950
1955
1960
1965
1970
1975
1980
1985
1990
1995
2000
2005
2010
2015
2020
2025
2030
2035
2040
2045
2050
2055
2060
2065
2070
2075
2080
2085
2090
2095
2100
2105
2110
2115
2120
2125
2130
2135
2140
2145
2150
2155
2160
2165
2170
2175
2180
2185
2190
2195
2200
2205
2210
2215
2220
2225
2230
2235
2240
2245
2250
2255
2260
2265
2270
2275
2280
2285
2290
2295
2300
2305
2310
2315
2320
2325
2330
2335
2340
2345
2350
2355
2360
2365
2370
2375
2380
2385
2390
2395
2400
2405
2410
2415
2420
2425
2430
2435
2440
2445
2450
2455
2460
2465
2470
2475
2480
2485
2490
2495
2500
2505
2510
2515
2520
2525
2530
2535
2540
2545
2550
2555
2560
2565
