4
12
18
24
34
36
42
56
72
90
100
136
144
210
256
286
344
374
384
398
434
466
478
506
510
514
534
536
558
590
602
604
606
610
612
614
616
620
622
624
634
644
654
658
684
706
748
758
776
814
844
950
996
1008
1034
1042
1056
1098
1124
1180
1228
1256
1274
1296
1306
1316
1326
1340
1372
1394
1480
1492
1518
1540
1604
1640
1662
1700
1744
1764
1780
1816
1848
1860
1872
1888
1890
1896
1904
1908
1916
1924
1930
1934
1940
1946
1956
1974
1982
2010
2016
2026
2034
2038
2066
2076
2078
2080
2084
2088
2092
2096
2098
2100
2102
2104
2108
2110
2116
2124
2130
2132
2134
2136
2142
2156
2164
2170
2178
2184
2192
2194
2198
2204
2210
2214
2216
2220
2222
2226
2232
2236
2240
2242
2244
2250
2252
2254
2260
2262
2266
2270
2276
2280
2282
2284
2286
2288
2290
2292
2294
2298
2300
2302
2308
2312
2318
2320
2322
2324
2328
2330
2334
2338
2342
2344
2350
2354
2358
2360
2362
2364
2366
2372
2374
2376
2380
2382
2386
2392
2394
2398
2404
2412
2416
2418
2420
2424
2426
2428
2430
2434
2438
2440
2442
2444
2446
2448
2450
2452
2454
2458
2460
2462
2466
2470
2472
2474
2476
2482
2484
2486
2490
2492
2494
2496
2498
2500
2502
2504
2506
2508
2510
2512
2514
2518
2520
2524
2526
2528
2530
2532
2536
2540
2542
2544
2546
2548
2550
2552
2554
2556
2558
2562
2564
2568
2572
