8
11
15
22
28
37
48
61
69
96
114
138
170
219
255
268
276
294
344
375
391
420
457
467
478
495
505
510
525
558
590
602
604
608
611
612
614
617
619
621
622
624
634
635
640
648
657
683
705
733
758
779
791
828
857
923
949
988
1010
1034
1087
1127
1151
1158
1191
1251
1275
1298
1309
1318
1340
1372
1389
1480
1505
1522
1542
1607
1642
1666
1703
1744
1765
1792
1829
1853
1864
1879
1897
1901
1908
1917
1925
1929
1935
1944
1957
1962
1973
1991
2010
2017
2026
2041
2054
2065
2076
2081
2084
2087
2091
2095
2098
2100
2102
2105
2108
2115
2120
2126
2134
2139
2148
2150
2154
2162
2164
2170
2178
2184
2190
2196
2199
2207
2209
2212
2217
2222
2225
2229
2234
2238
2241
2245
2246
2249
2252
2254
2257
2260
2262
2265
2268
2270
2276
2281
2283
2284
2288
2295
2297
2301
2303
2308
2313
2319
2327
2331
2333
2337
2339
2340
2344
2346
2351
2355
2359
2360
2361
2364
2367
2372
2374
2377
2379
2384
2386
2388
2393
2397
2401
2403
2404
2407
2412
2416
2419
2424
2426
2427
2428
2430
2433
2436
2441
2444
2446
2448
2451
2454
2457
2460
2463
2465
2467
2470
2474
2478
2486
2489
2490
2493
2497
2499
2501
2502
2503
2505
2507
2510
2513
2516
2518
2520
2521
2523
2526
2527
2531
2534
2536
2540
2541
2544
2546
2549
2552
2553
2555
2556
2559
2561
2564
2565
2567
2570
2573
