0
6
12
18
22
28
32
36
40
50
58
72
90
100
128
132
144
174
188
220
234
248
256
276
288
294
344
354
374
384
394
410
420
428
432
436
466
478
490
506
508
518
536
562
572
590
602
604
606
610
612
614
616
618
620
622
624
626
634
636
640
644
648
656
662
666
684
712
718
726
742
754
762
766
776
784
796
818
858
884
928
940
958
970
972
1006
1010
1034
1072
1082
1098
1132
1150
1180
1218
1228
1256
1274
1288
1296
1300
1306
1312
1318
1326
1340
1370
1402
1418
1442
1458
1492
1506
1518
1542
1558
1564
1582
1604
1632
1662
1690
1708
1724
1732
1744
1754
1764
1776
1794
1804
1822
1838
1856
1864
1882
1888
1890
1892
1896
1898
1900
1906
1910
1914
1918
1924
1930
1932
1936
1940
1946
1956
1964
1974
1990
1998
2002
2008
2012
2016
2018
2026
2036
2048
2060
2070
2076
2078
2080
2082
2084
2086
2088
2090
2094
2096
2098
2100
2102
2104
2106
2108
2110
2114
2116
2122
2124
2130
2132
2134
2136
2142
2146
2150
2154
2158
2162
2164
2168
2170
2178
2182
2184
2190
2192
2194
2196
2200
2204
2206
2208
2210
2212
2214
2216
2218
2220
2222
2224
2226
2230
2234
2238
2240
2242
2244
2246
2248
2250
2252
2254
2256
2258
2260
2262
2264
2266
2268
2270
2272
2274
2278
2280
2282
2284
2286
2288
2290
2292
2294
2296
2298
2300
2302
2304
2306
2308
2310
2312
2314
2316
2318
2320
2322
2324
2328
2330
2332
2334
2336
2338
2340
2342
2344
2346
2348
2350
2352
2354
2356
2358
2360
2362
2364
2366
2368
2370
2372
2374
2376
2378
2380
2382
2384
2386
2388
2390
2392
2394
2396
2398
2400
2402
2404
2406
2408
2410
2412
2416
2418
2420
2422
2424
2426
2428
2430
2432
2434
2436
2438
2440
2442
2444
2446
2448
2450
2452
2454
2456
2458
2460
2462
2464
2466
2468
2470
2472
2474
2476
2482
2484
2486
2488
2490
2492
2494
2496
2498
2500
2502
2504
2506
2508
2510
2512
2514
2516
2518
2520
2522
2524
2526
2528
2530
2532
2534
2536
2538
2540
2542
2544
2546
2548
2550
2552
2554
2556
2558
2560
2562
2564
2566
2568
2570
2572
