23
143
222
236
239
242
245
248
253
256
261
263
266
269
274
279
289
297
305
314
326
330
332
335
345
348
351
359
362
367
374
378
396
399
402
413
418
433
439
444
452
461
468
475
484
487
491
494
516
521
527
530
534
536
538
540
545
550
552
558
562
580
585
594
598
617
619
629
631
665
671
693
704
712
715
738
763
769
771
781
784
786
794
797
800
810
823
829
840
849
857
869
873
879
901
918
932
937
950
961
983
989
1005
1009
1018
1023
1029
1042
1074
1075
1092
1101
1113
1122
1127
1134
1141
1154
1162
1173
1185
1191
1211
1220
1223
1234
1248
1249
1264
1274
1288
1290
1315
1316
1322
1325
1340
1342
1349
1358
1359
1364
1368
1374
1379
1384
1390
1394
1402
1404
1421
1429
1462
1473
1511
1517
1559
1577
1583
1594
1605
