27
122
152
182
227
236
239
241
243
245
248
253
256
261
263
266
268
270
274
279
288
292
296
305
314
321
325
330
332
335
344
348
351
359
362
367
374
378
382
387
390
392
396
399
402
408
411
421
422
429
433
441
444
447
453
457
460
461
466
468
472
484
486
490
496
497
502
504
510
512
516
521
522
524
525
527
529
531
532
534
535
536
537
539
542
545
547
550
551
555
558
562
574
581
585
591
595
598
607
617
619
621
633
639
648
658
668
701
704
710
715
721
726
754
759
769
771
775
781
784
786
788
792
794
799
800
809
814
816
818
825
831
834
840
848
856
857
864
869
873
882
884
888
901
903
917
925
935
941
942
953
968
980
983
1007
1012
1018
1023
1029
1041
1048
1059
1065
1067
1074
1077
1086
1092
1099
1100
1108
1115
1118
1122
1129
1134
1139
1143
1154
1161
1164
1169
1171
1180
1183
1188
1191
1193
1198
1204
1209
1215
1220
1223
1235
1240
1249
1254
1260
1265
1274
1288
1289
1291
1310
1314
1319
1321
1331
1336
1340
1341
1342
1349
1358
1359
1364
1367
1369
1374
1376
1381
1384
1390
1394
1399
1401
1408
1420
1425
1428
1452
1473
1492
1497
1503
1506
1577
1594
1597
1602
