60
110
145
165
215
230
235
240
245
250
255
260
265
270
275
280
290
295
305
310
315
320
325
330
335
340
345
350
355
360
365
370
375
380
385
390
395
400
405
410
415
420
425
430
435
440
445
450
455
460
465
470
475
480
485
490
495
500
505
510
515
520
525
530
535
540
545
550
555
560
565
570
575
580
585
590
595
600
605
610
615
620
625
630
635
645
650
660
665
670
675
680
685
695
705
710
715
725
730
735
745
750
755
760
765
770
780
785
790
795
800
805
810
815
820
825
830
835
840
845
850
855
860
865
870
875
880
890
895
900
905
910
915
920
925
935
940
945
950
955
960
965
975
980
985
990
1005
1010
1015
1020
1025
1030
1040
1045
1050
1055
1060
1065
1070
1075
1080
1085
1090
1095
1100
1105
1110
1115
1120
1125
1130
1135
1140
1145
1150
1155
1160
1165
1170
1175
1180
1185
1190
1195
1200
1205
1210
1215
1220
1225
1230
1235
1245
1250
1255
1260
1265
1280
1285
1290
1300
1305
1310
1315
1320
1325
1330
1335
1340
1345
1350
1355
1360
1365
1370
1375
1380
1385
1390
1395
1400
1405
1410
1415
1420
1425
1430
1445
1450
1465
1475
1480
1490
1500
1510
1535
1570
1585
1590
1600
1605
