0
5
10
20
25
35
45
55
60
70
80
90
110
115
120
125
130
135
140
145
150
155
160
165
170
175
180
185
195
205
235
245
255
265
270
275
285
290
295
300
305
310
315
320
325
330
340
350
355
360
365
370
375
380
385
395
400
405
410
415
420
425
430
435
440
445
450
455
460
465
470
475
480
490
495
500
505
510
520
530
535
540
545
555
565
570
580
585
590
595
615
620
625
635
640
650
660
670
680
685
700
710
715
720
730
735
740
745
750
755
760
765
770
775
780
785
790
795
800
805
810
820
825
830
835
840
855
860
865
870
880
890
900
905
910
915
920
925
930
935
940
945
