3
8
23
41
77
97
121
125
127
129
130
131
132
133
134
135
136
138
140
143
146
149
150
153
156
158
161
164
168
173
179
183
192
219
251
264
270
284
292
296
299
303
306
311
314
317
320
322
324
327
331
343
350
353
355
357
359
362
364
367
372
380
390
399
408
414
419
428
436
441
445
448
450
454
456
459
461
463
465
466
467
470
473
475
482
491
501
510
523
532
552
564
575
598
648
664
675
692
701
708
722
739
746
751
754
766
768
774
780
785
791
795
801
816
827
846
864
867
874
886
898
911
918
924
925
926
927
928
929
930
931
932
933
934
935
936
937
938
939
940
941
943
