7
22
48
65
84
103
163
211
249
267
300
370
382
392
401
410
415
422
427
432
440
446
452
461
467
474
484
491
496
503
509
517
525
535
543
549
554
564
573
578
595
607
613
617
619
626
639
648
657
671
684
700
707
717
725
730
735
743
758
764
772
780
791
804
817
824
851
860
870
884
913
919
924
929
934
938
943
948
956
964
979
989
998
1005
1010
1014
1020
1031
1035
1037
1039
1043
1048
1052
1057
1060
1064
1071
1075
1087
1091
1102
1109
1115
1124
1131
1139
1153
1162
1176
1183
1195
1210
1219
1228
1239
1252
1269
1285
1292
1300
1305
1311
1319
1331
1339
1353
1378
1393
1409
1415
1440
1446
1461
1467
1487
1505
1523
1540
1563
1579
1601
1611
1624
1637
1649
1658
1670
1698
1703
1710
1724
1737
1762
1770
1779
1807
1816
1826
1836
1849
1858
1868
1875
1890
1903
1928
1941
1960
1970
1981
1993
2002
2008
2017
2028
2048
2063
2078
2095
2111
2121
2131
2138
2145
2155
2162
2168
2186
2197
2204
2211
2216
2221
2226
2231
2238
2246
2256
2266
2273
2284
2291
2299
2307
2314
2318
2323
2325
2328
2331
2344
2351
2355
2364
2373
2380
2394
2403
2416
2428
2434
2442
2446
2455
2464
2474
2492
2501
2505
2508
2515
2519
2529
2539
2543
2551
2561
2567
2578
2590
2605
2621
2633
2654
2661
2667
2682
2685
2703
2714
2725
2736
2744
2756
2767
2776
2784
2791
2797
2804
2811
2826
2837
2845
2853
2858
2863
2869
2874
2879
2896
2904
2913
2920
2927
2934
2946
2953
2966
2979
2990
2998
3002
3008
3020
3030
3037
3044
3053
3063
3077
3095
3106
3113
3120
3126
3131
3142
3150
3158
3171
3179
3185
3190
3203
3215
3224
3235
3245
3250
3254
3259
3262
3268
3290
3295
3302
3308
3313
3318
3327
3344
3350
3354
3356
3363
3372
3379
3391
3396
3400
3408
3417
3420
3428
3434
3446
3455
3462
3468
3477
3482
3493
3502
3510
3518
3525
3532
3541
3552
3561
3566
3572
3589
3598
3604
3610
3623
3634
3640
3646
3656
3661
3667
3673
3679
3685
3693
3699
3707
3713
3723
3736
3741
3749
3758
3766
3772
3777
3787
3795
3802
3810
3817
3823
3830
3840
3853
3865
3880
3884
3903
3913
3919
3925
3931
3951
3962
3972
3984
3996
4000
4011
4017
4031
4045
4059
4068
4086
4106
4121
4129
4141
4155
4166
4173
4183
4192
4207
4222
4234
4247
4253
4260
4266
4273
4291
4302
4308
4312
4317
4320
4326
4332
4339
4343
4352
4358
4362
4369
4377
4404
4415
4427
4436
4447
4453
4467
4476
4486
4491
4508
4527
4542
4565
4579
4587
4595
4611
4628
4644
4654
4660
4666
4673
4680
4690
4698
4709
4718
4726
4733
4742
4745
4748
4756
4764
4785
4792
4798
4803
4811
4822
4835
4842
4848
4854
4859
4864
4875
4879
4882
4887
4892
4914
4931
4945
4956
4966
4974
4983
4999
5009
5029
5043
5053
5059
5065
5081
5096
5107
5132
5153
5160
5170
5176
