5
20
25
30
50
70
80
95
145
165
210
245
265
305
355
375
380
385
390
395
405
415
420
425
430
435
440
445
450
455
460
465
470
475
480
485
490
495
500
505
510
515
520
525
530
535
540
545
550
555
560
570
575
580
585
595
605
610
615
620
625
630
635
650
655
660
665
670
680
685
700
705
710
715
720
725
730
735
745
750
755
760
765
770
775
780
785
800
805
810
815
820
825
830
835
840
850
860
865
875
885
890
900
910
915
920
925
930
935
940
945
950
955
960
970
975
980
985
990
995
1000
1005
1010
1015
1020
1025
1030
1035
1040
1045
1050
1055
1060
1065
1070
1075
1080
1085
1090
1095
1100
1105
1110
1115
1120
1125
1130
1135
1140
1145
1150
1155
1160
1175
1180
1195
1200
1205
1215
1225
1230
1235
1240
1245
1250
1255
1270
1275
1280
1285
1290
1300
1305
1310
1320
1325
1330
1345
1360
1375
1385
1390
1400
1410
1420
1425
1440
1450
1455
1460
1465
1470
1475
1480
1485
1500
1510
1520
1525
1530
1535
1540
1550
1555
1570
1575
1585
1595
1610
1615
1620
1630
1635
1640
1645
1650
1655
1660
1670
1680
1695
1705
1710
1715
1720
1730
1735
1740
1745
1765
1775
1780
1785
1790
1795
1805
1810
1815
1820
1825
1830
1835
1840
1845
1850
1855
1860
1865
1870
1875
1880
1885
1890
1895
1905
1910
1915
1920
1930
1950
1960
1970
1980
1990
2000
2005
2010
2015
2020
2030
2050
2065
2080
2085
2090
2105
2110
2125
2130
2135
2140
2150
2155
2160
2165
2170
2175
2180
2190
2195
2200
2205
2210
2215
2220
2225
2230
2235
2240
2245
2255
2260
2270
2275
2280
2285
2290
2295
2300
2305
2310
2315
2320
2325
2330
2335
2340
2345
2350
2355
2360
2365
2370
2375
2385
2395
2400
2410
2415
2420
2425
2430
2435
2440
2445
2450
2455
2460
2475
2480
2485
2495
2500
2505
2510
2515
2520
2525
2530
2535
2540
2545
2550
2555
2560
2565
2570
2575
2580
2585
2590
2595
2600
2605
2610
2615
2620
2630
2635
2640
2645
2650
2655
2660
2665
2670
2675
2680
2685
2690
2695
2700
2710
2720
2730
2740
2745
2750
2755
2760
2765
2775
2780
2785
2790
2795
2800
2805
2810
2815
2820
2825
2830
2835
2840
2845
2850
2855
2860
2865
2870
2875
2880
2885
2890
2895
2900
2910
2915
2920
2925
2930
2935
2940
2950
2955
2965
2970
2975
2990
2995
3000
3010
3015
3020
3025
3035
3040
3045
3050
3060
3070
3075
3085
3095
3105
3110
3120
3125
3130
3135
3140
3145
3150
3155
3160
3175
3180
3185
3190
3200
3205
3210
3220
3225
3230
3240
3245
3250
3255
3260
3265
3270
3275
3280
3285
3290
3295
3300
3305
3310
3315
3320
3325
3330
3335
3340
3345
3350
3355
3360
3370
3375
3380
3385
3390
3395
3400
3405
3410
3415
3420
3430
3435
3440
3445
3450
3455
3460
3465
3470
3475
3485
3490
3495
3505
3510
3515
3520
3525
3530
3535
3540
3550
3555
3560
3565
3570
3575
3580
3585
3590
3595
3600
3605
3610
3615
3620
3625
3630
3635
3640
3645
3650
3655
3660
3665
3670
3675
3680
3685
3690
3695
3700
3705
3710
3720
3725
3730
3735
3740
3750
3755
3760
3765
3770
3775
3780
3785
3790
3795
3800
3805
3810
3815
3820
3825
3830
3835
3840
3845
3850
3860
3870
3875
3880
3885
3890
3895
3900
3910
3915
3920
3925
3930
3935
3940
3945
3950
3960
3965
3970
3980
3990
3995
4000
4005
4010
4015
4020
4025
4030
4035
4040
4055
4070
4075
4080
4085
4090
4095
4110
4120
4125
4135
4140
4150
4155
4165
4170
4175
4180
4190
4205
4220
4225
4230
4235
4245
4250
4255
4260
4265
4270
4275
4280
4285
4290
4295
4300
4305
4310
4315
4320
4325
4330
4335
4340
4345
4350
4355
4360
4365
4370
4375
4380
4390
4400
4405
4410
4420
4435
4440
4450
4455
4465
4470
4475
4480
4485
4490
4500
4505
4510
4515
4520
4530
4545
4550
4560
4565
4575
4580
4585
4590
4600
4605
4615
4620
4625
4630
4635
4645
4650
4660
4665
4670
4675
4680
4685
4695
4700
4705
4710
4715
4720
4725
4730
4735
4740
4745
4750
4755
4760
4765
4775
4780
4785
4790
4795
4800
4805
4810
4815
4820
4825
4835
4840
4845
4850
4855
4860
4865
4870
4875
4880
4885
4890
4895
4900
4905
4915
4930
4940
4950
4960
4965
4970
4985
5005
5025
5040
5050
5055
5060
5065
5070
5080
5090
5095
5110
5120
5145
5155
5160
5165
