7
21
28
33
48
65
84
103
154
167
211
248
257
277
302
362
370
378
385
391
397
404
415
418
422
425
428
432
438
443
446
450
455
461
468
473
478
484
489
494
498
503
510
517
522
527
531
536
542
548
552
555
560
566
570
574
578
581
587
591
599
605
608
612
615
618
620
625
629
632
635
640
646
653
660
671
683
693
704
710
717
729
736
743
752
758
764
768
772
779
783
788
794
800
805
810
816
824
832
835
839
848
854
860
865
871
878
885
892
905
910
914
920
924
927
930
933
937
940
944
946
949
952
957
964
970
978
981
984
989
994
998
1002
1004
1007
1010
1014
1019
1024
1031
1034
1036
1037
1038
1040
1043
1047
1051
1055
1060
1062
1065
1071
1075
1078
1081
1087
1091
1097
1099
1102
1106
1109
1113
1119
1124
1130
1136
1140
1144
1152
1159
1163
1176
1183
1187
1191
1198
1209
1216
1223
1231
1236
1239
1243
1252
1259
1263
1269
1273
1279
1285
1293
1299
1303
1307
1310
1313
1319
1324
1331
1337
1347
1359
1378
1389
1396
1404
1416
1429
1436
1443
1447
1457
1462
1471
1481
1489
1499
1503
1516
1525
1529
1536
1541
1548
1554
1564
1574
1586
1600
1603
1611
1619
1624
1632
1637
1643
1649
1656
1660
1668
1673
1680
1692
1699
1710
1715
1724
1736
1753
1770
1779
1786
1793
1799
1805
1810
1816
1820
1824
1827
1833
1837
1842
1849
1854
1858
1868
1873
1883
1888
1892
1896
1903
1922
1935
1941
1955
1963
1969
1976
1982
1988
1996
2003
2008
2017
2022
2031
2038
2047
2063
2073
2079
2095
2100
2112
2119
2127
2132
2137
2141
2148
2155
2159
2163
2168
2173
2185
2193
2204
2209
2213
2216
2221
2224
2230
2231
2234
2240
2250
2255
2258
2262
2270
2276
2280
2284
2291
2299
2307
2313
2316
2320
2324
2325
2328
2331
2337
2344
2349
2354
2358
2364
2371
2378
2384
2390
2403
2405
2411
2416
2434
2439
2446
2453
2460
2466
2474
2481
2492
2500
2504
2507
2509
2515
2519
2522
2525
2528
2532
2539
2543
2550
2559
2567
2572
2579
2588
2593
2597
2602
2606
2611
2621
2628
2633
2653
2661
2667
2672
2678
2680
2685
2698
2703
2711
2725
2736
2746
2753
2758
2763
2769
2776
2781
2787
2791
2796
2800
2807
2812
2818
2823
2828
2834
2839
2845
2853
2858
2863
2868
2873
2877
2887
2898
2913
2921
2927
2932
2938
2943
2949
2955
2961
2971
2979
2990
2995
3001
3008
3017
3022
3028
3033
3038
3043
3050
3058
3066
3078
3086
3094
3103
3109
3119
3124
3130
3142
3149
3153
3159
3171
3179
3185
3197
3203
3215
3220
3229
3239
3245
3250
3253
3256
3259
3263
3269
3273
3278
3282
3287
3293
3302
3308
3313
3318
3322
3325
3329
3333
3342
3347
3350
3354
3356
3363
3370
3374
3379
3388
3393
3396
3399
3405
3411
3416
3423
3429
3434
3437
3444
3451
3456
3462
3470
3477
3482
3492
3499
3510
3516
3521
3526
3532
3537
3546
3552
3561
3567
3573
3576
3580
3585
3589
3598
3603
3608
3613
3622
3629
3633
3638
3643
3646
3656
3663
3667
3670
3676
3680
3686
3692
3699
3705
3711
3717
3723
3729
3732
3736
3742
3749
3755
3761
3766
3769
3771
3776
3780
3783
3787
3792
3796
3802
3806
3809
3817
3821
3825
3828
3832
3835
3838
3842
3846
3853
3865
3876
3881
3888
3894
3904
3913
3916
3921
3925
3930
3933
3938
3941
3951
3959
3972
3984
3990
3997
4005
4015
4019
4022
4025
4031
4041
4054
4064
4072
4078
4082
4090
4100
4111
4117
4123
4127
4134
4144
4150
4158
4167
4183
4191
4198
4204
4209
4223
4233
4243
4246
4251
4257
4262
4265
4271
4276
4281
4286
4290
4295
4300
4304
4306
4308
4311
4313
4314
4317
4320
4326
4330
4337
4343
4348
4354
4358
4364
4369
4375
4381
4387
4395
4407
4419
4426
4432
4439
4446
4459
4467
4476
4483
4486
4490
4493
4499
4508
4521
4530
4542
4551
4560
4569
4575
4580
4583
4590
4600
4611
4622
4628
4639
4646
4654
4660
4666
4671
4677
4684
4695
4699
4709
4714
4720
4723
4727
4733
4737
4739
4742
4745
4748
4757
4764
4778
4785
4789
4793
4796
4800
4803
4811
4820
4827
4834
4840
4845
4849
4851
4855
4859
4867
4874
4881
4885
4891
4896
4902
4908
4920
4931
4937
4945
4957
4964
4973
4983
4993
5008
5026
5037
5047
5053
5059
5065
5074
5087
5094
5099
5112
5120
5132
5153
5160
5169
5176
