0
5
10
15
20
25
30
35
40
45
50
55
60
65
70
75
80
85
90
95
105
110
115
125
140
145
155
170
180
200
210
220
225
235
245
255
265
275
280
295
310
320
325
335
355
360
365
370
390
395
405
420
440
450
465
475
485
505
510
520
535
550
560
575
590
610
615
620
625
630
635
640
645
650
655
660
665
670
680
690
700
705
715
720
725
730
735
740
745
750
760
765
770
775
780
785
790
795
800
805
810
815
820
825
840
850
855
865
870
875
880
885
890
895
900
905
910
915
920
925
930
935
940
945
950
955
960
965
970
975
980
985
990
995
1000
1005
1010
1015
1020
1025
1030
1040
1050
1060
1065
1075
1080
1090
1110
1120
1125
1130
1135
1140
1150
1165
1175
1180
1190
1200
1210
1215
1220
1225
1230
1235
1240
1245
1250
1255
1260
1265
1270
1275
1280
1285
1290
1295
1300
1305
1310
1315
1320
1325
1330
1335
1340
1345
1350
1355
1360
1365
1370
1375
1380
1385
1390
1395
1400
1405
1410
1415
1420
1425
1430
1435
1440
1445
1450
1455
1460
1465
1470
1475
1480
1485
1495
1500
1505
1510
1515
1520
1525
1530
1535
1540
1550
1560
1565
1570
1575
1580
1585
1595
1600
1605
1610
1615
1620
1625
1630
1635
1640
1645
1650
1655
1660
1665
1670
1675
1680
1685
1690
1695
1700
1705
1710
1715
1720
1730
1740
1745
