2
7
12
16
20
23
26
30
33
38
41
46
50
53
59
65
69
73
78
90
101
114
128
152
186
209
224
242
262
283
293
310
315
331
356
377
400
422
441
460
487
516
531
560
562
591
611
621
623
626
628
629
631
632
635
637
639
641
642
643
645
646
647
648
649
652
655
657
662
665
675
695
703
710
720
729
731
734
738
754
759
762
765
767
769
772
774
776
777
778
780
783
788
793
798
801
804
807
809
810
812
814
815
818
821
825
836
856
864
866
871
878
883
886
888
891
892
893
895
898
900
903
909
917
924
929
933
936
938
943
949
954
959
964
968
972
976
981
986
990
997
1003
1012
1019
1028
1040
1061
1075
1089
1108
1129
1148
1170
1183
1193
1205
1220
1226
1232
1239
1244
1250
1254
1258
1261
1264
1266
1268
1270
1273
1274
1277
1279
1280
1283
1286
1289
1290
1291
1294
1297
1298
1301
1303
1305
1308
1311
1313
1316
1319
1321
1324
1329
1334
1341
1347
1353
1360
1364
1367
1372
1379
1387
1394
1398
1402
1407
1411
1417
1424
1430
1436
1441
1446
1450
1452
1454
1455
1458
1463
1470
1477
1491
1500
1513
1524
1535
1554
1570
1578
1591
1602
1610
1617
1622
1626
1629
1633
1638
1643
1648
1652
1654
1658
1663
1667
1671
1674
1677
1681
1686
1692
1701
1707
1713
1717
1725
1729
1739
1746
1749
1750
