2
8
12
16
21
25
33
38
43
48
53
59
66
71
83
98
121
152
184
242
267
283
309
331
356
388
434
481
529
562
590
624
628
630
632
635
637
639
642
643
645
646
647
648
650
654
657
663
693
702
710
720
730
735
750
761
765
769
773
777
782
788
793
798
803
807
809
812
817
820
823
853
871
878
884
888
891
892
895
898
902
911
920
927
930
933
938
943
952
960
968
977
986
996
1012
1023
1040
1061
1080
1108
1130
1148
1172
1191
1205
1222
1232
1242
1251
1257
1261
1265
1269
1273
1277
1282
1286
1289
1292
1296
1300
1304
1308
1311
1314
1318
1324
1331
1341
1348
1358
1363
1369
1377
1388
1397
1402
1407
1412
1422
1429
1434
1443
1449
1453
1457
1462
1469
1487
1500
1515
1541
1573
1591
1607
1617
1622
1628
1635
1641
1648
1653
1659
1666
1670
1675
1679
1689
1701
1711
1716
1723
1736
1746
1749
