23
103
158
232
282
322
357
396
434
481
515
540
559
583
596
608
619
627
636
646
656
685
735
782
837
895
952
1042
1104
1176
1236
1285
1322
1392
1591
1741
1821
1867
1939
1988
2019
2096
2129
2146
2173
2190
2249
2267
2273
2276
2279
2281
2283
2284
2285
2287
2288
2289
2290
2291
2292
2293
2294
2295
2296
2297
2298
2299
2300
2301
2302
2303
2304
2305
2306
2307
2308
2309
2310
2311
2312
2313
2314
2315
2316
2317
2318
2319
2320
2321
2322
2323
2324
2325
2326
2327
2328
2329
2330
2332
2334
2337
2343
2350
2354
2356
2359
2364
2370
2374
2379
2383
2386
2391
2395
2402
2411
2422
2429
2438
2446
2457
2468
2487
2499
2510
2520
2532
2555
2576
2591
2595
2598
2607
2618
2635
2647
2650
2651
2653
2654
2656
2658
2663
2669
2675
2681
2690
2696
2699
2703
2706
2712
2716
2721
2728
2734
2741
2747
2752
2756
2759
2765
2771
2778
2787
2801
2810
2819
2825
2829
2833
2836
2840
2843
2846
2849
2852
2854
2855
2857
2860
2863
2867
2871
2873
2875
2880
2884
2888
2891
2895
2897
2903
2908
2914
2923
2931
2938
2944
2949
2953
2957
2962
2965
2969
2975
2979
2983
2986
2991
2995
2998
3001
3003
3007
3010
3012
3017
3020
3023
3027
3032
3039
3044
3049
3052
3055
3061
3066
3069
3071
3072
3074
3075
3077
3078
3080
3082
3084
3087
3090
3094
3101
3107
3112
3118
3126
3131
3139
3149
3159
3167
3173
3181
3186
3190
3195
3199
3202
3206
3211
3216
3219
3221
3223
3226
3232
3238
3244
3250
3255
3258
3263
3269
3273
3277
3280
3282
3289
3293
3295
3297
3300
3303
3305
3307
3309
3311
3315
3318
3322
3326
3329
3333
3337
3347
3355
3364
3372
3383
3398
3408
3415
3420
3427
3438
3451
3461
3466
3469
3472
3474
3477
3480
3483
3486
3489
3493
3496
3499
3501
3504
3509
3515
3519
3520
3521
3522
3523
3524
3525
3526
3527
3528
3529
3530
3531
3532
3533
3534
3536
3539
3542
3543
3545
3548
3553
3558
3563
3568
3573
3576
3579
3582
3584
3588
3591
3593
3594
3596
3599
3601
3604
3605
3607
3609
3610
3611
3612
3613
3614
3615
3617
3619
3623
3625
3628
3630
3636
3640
3643
3645
3646
3649
3653
3657
3661
3662
3665
3666
3668
3669
3670
3671
3672
3673
3674
3675
3676
3677
3678
3679
3680
3681
3682
3683
3684
3685
3686
3687
3688
3689
3690
3691
3692
3693
3694
3695
3696
3697
3698
3699
3700
3701
3702
3703
3704
3705
3706
3707
3708
3709
3711
3713
3716
3719
3724
3729
3732
3736
3743
3747
3749
3750
3751
3753
3756
3758
3762
3765
3769
3774
3780
3787
3796
3802
3807
3808
3809
3810
3811
3812
3813
3814
3815
3817
3819
3821
3823
3826
3829
3834
3841
3850
3859
3870
3880
3890
3897
3907
3916
3924
3932
3940
3948
3949
3950
3951
3953
3955
3958
3964
3974
3982
3990
4000
4008
4018
4026
4031
4039
4046
4056
4063
4072
4082
4090
4096
4099
4107
4116
4125
4131
4138
4145
4153
4158
4163
4177
4187
4199
4210
4221
4230
4239
4247
4256
4265
4269
4274
4279
4282
4285
4289
4291
4295
4298
4301
4304
4309
4312
4319
4326
4333
4338
4346
4353
4357
4361
4366
4371
4377
4383
4388
4396
4403
4410
4416
4421
4428
4437
4445
4457
4460
4462
4464
4465
4466
4467
4468
4469
4471
4473
4476
4479
4481
4484
4487
4489
4494
4497
4498
4499
4500
4501
4502
4503
4504
4505
4506
4507
4508
4509
4510
4511
4512
4513
4516
4518
4520
4522
4524
4526
4527
4528
4531
4533
4536
4539
4542
4544
4546
4548
4552
4554
4555
4556
4557
4558
4559
4560
4561
4563
4565
4567
4568
4569
4570
4571
4572
4576
4578
4580
4582
4583
4584
4585
4586
4587
4588
4589
4590
4591
4592
4593
4594
4595
4596
4597
4598
4599
4600
4601
4602
4604
4608
4612
4616
4619
4622
4626
4629
4631
4633
4634
4637
4641
4643
4645
4646
4649
4653
4655
4658
4662
4668
4672
4680
4687
4693
4700
4705
4711
4722
4731
4737
4743
4745
4749
4756
4775
4788
4796
4802
4803
4805
4808
4810
4811
4812
4815
4817
4819
4821
4823
4826
4831
4834
4836
4839
4842
4845
4849
4852
4856
4860
4866
4874
4881
4886
4890
4895
4902
4911
4916
4920
4922
4925
4928
4931
4933
4938
4944
4949
4954
4957
4960
4963
4966
4968
4972
4974
4976
4978
4980
4983
4985
4989
4994
4999
5004
5008
5014
5018
5023
5036
5047
5056
5064
5071
