23
103
194
282
336
377
454
513
543
576
607
630
643
693
785
902
982
1104
1207
1284
1392
1647
1869
2012
2096
2137
2179
2220
2259
2267
2273
2277
2281
2283
2285
2289
2291
2292
2293
2294
2295
2296
2297
2299
2300
2301
2302
2304
2305
2307
2308
2309
2310
2311
2313
2315
2317
2318
2319
2320
2322
2323
2325
2326
2327
2328
2333
2344
2351
2355
2366
2373
2379
2384
2389
2394
2403
2414
2427
2438
2450
2459
2477
2498
2514
2532
2556
2577
2596
2605
2617
2641
2649
2653
2656
2663
2671
2680
2692
2699
2705
2711
2720
2729
2737
2750
2758
2765
2771
2777
2787
2801
2815
2824
2830
2837
2841
2845
2848
2850
2853
2857
2860
2863
2868
2872
2877
2882
2886
2891
2897
2905
2910
2915
2923
2931
2938
2946
2952
2959
2967
2980
2989
2995
2998
3001
3005
3009
3014
3019
3028
3040
3045
3050
3057
3064
3069
3073
3076
3080
3084
3088
3095
3105
3110
3118
3129
3141
3154
3163
3173
3181
3187
3192
3199
3208
3217
3221
3228
3239
3249
3258
3269
3275
3281
3289
3294
3297
3300
3303
3306
3309
3313
3317
3324
3331
3345
3366
3384
3398
3409
3416
3421
3432
3442
3456
3465
3470
3473
3475
3478
3483
3489
3493
3500
3506
3515
3521
3523
3526
3527
3528
3531
3534
3536
3541
3544
3549
3555
3561
3568
3574
3580
3585
3589
3592
3595
3598
3601
3606
3610
3611
3613
3616
3619
3621
3626
3630
3636
3642
3645
3650
3656
3662
3665
3668
3670
3671
3672
3673
3674
3675
3676
3677
3678
3679
3680
3681
3682
3683
3684
3685
3686
3687
3689
3690
3691
3692
3693
3694
3695
3696
3697
3699
3701
3702
3703
3705
3708
3710
3713
3716
3724
3732
3738
3745
3748
3751
3754
3757
3760
3770
3783
3799
3809
3810
3812
3814
3816
3819
3822
3826
3833
3843
3853
3866
3886
3897
3917
3930
3940
3949
3950
3951
3953
3967
3981
3995
4008
4018
4027
4037
4052
4063
4072
4082
4090
4096
4104
4120
4132
4146
4166
4187
4205
4219
4231
4245
4253
4264
4272
4280
4284
4291
4295
4300
4304
4310
4315
4323
4331
4338
4347
4356
4363
4373
4383
4389
4397
4406
4417
4427
4436
4445
4457
4462
4464
4467
4470
4472
4476
4480
4484
4487
4490
4495
4498
4499
4500
4501
4502
4503
4504
4505
4506
4507
4508
4510
4511
4512
4514
4517
4521
4524
4528
4531
4535
4540
4544
4550
4555
4557
4558
4559
4560
4562
4564
4567
4568
4569
4570
4571
4572
4576
4581
4583
4584
4585
4586
4587
4588
4589
4590
4592
4593
4595
4596
4597
4599
4601
4604
4608
4614
4620
4625
4630
4633
4638
4642
4645
4648
4653
4656
4661
4669
4683
4697
4707
4723
4733
4741
4747
4755
4775
4795
4802
4805
4808
4811
4813
4817
4821
4824
4828
4834
4837
4841
4847
4853
4858
4865
4876
4884
4891
4897
4908
4917
4922
4928
4935
4944
4949
4955
4961
4967
4972
4976
4979
4984
4989
4997
5004
5011
5018
5028
5049
5067
